name	taxonomy_id	taxonomy_lvl	kraken_assigned_reads	added_reads	new_est_reads	fraction_total_reads
Citrobacter	544	G	15575112	841540	16416652	0.25260
Raoultella	160674	G	1667648	110651	1778299	0.02736
Klebsiella	570	G	1445656	82660	1528316	0.02352
Buttiauxella	82976	G	1182897	4329	1187226	0.01827
Cedecea	158483	G	869608	4433	874041	0.01345
Enterobacter	547	G	223809	30233	254042	0.00391
Escherichia	561	G	136102	135074	271176	0.00417
Salmonella	590	G	91443	54176	145619	0.00224
Kosakonia	1330547	G	42570	329	42899	0.00066
Dryocola	3021684	G	41806	304	42110	0.00065
Kluyvera	579	G	33463	741	34204	0.00053
Leclercia	83654	G	31383	992	32375	0.00050
Cronobacter	413496	G	30111	251	30362	0.00047
Lelliottia	1330545	G	18521	366	18887	0.00029
Atlantibacter	1903434	G	11787	164	11951	0.00018
Symbiopectobacterium	801	G	5996	74	6070	0.00009
Candidatus Williamhamiltonella	568987	G	928	0	928	0.00001
Candidatus Regiella	568988	G	887	581	1468	0.00002
Candidatus Blochmanniella	203804	G	774	2	776	0.00001
Candidatus Westeberhardia	1699619	G	28	563	591	0.00001
Candidatus Hoaglandella	1906659	G	467	19	486	0.00001
Candidatus Doolittlea	1906657	G	341	15	356	0.00001
Candidatus Gullanella	1906661	G	182	5	187	0.00000
Candidatus Purcelliella	472825	G	121	6	127	0.00000
Candidatus Tachikawaea	1682492	G	78	28	106	0.00000
Candidatus Mikella	1906660	G	43	10	53	0.00000
Candidatus Annandia	1302410	G	13	2	15	0.00000
Mangrovibacter	451512	G	9239	235	9474	0.00015
Siccibacter	1649298	G	8836	60	8896	0.00014
Superficieibacter	2303321	G	8067	53	8120	0.00012
Pseudocitrobacter	1504576	G	7523	76	7599	0.00012
Phytobacter	447792	G	7038	807	7845	0.00012
Pluralibacter	1330546	G	6719	80	6799	0.00010
Franconibacter	1649295	G	6295	12	6307	0.00010
Jejubacter	2815296	G	6270	17	6287	0.00010
Plesiomonas	702	G	6153	49	6202	0.00010
Yokenella	158876	G	5892	91	5983	0.00009
Scandinavium	2726810	G	5885	26	5911	0.00009
Trabulsiella	158851	G	3692	94	3786	0.00006
Shimwellia	1335483	G	3304	13	3317	0.00005
Pseudescherichia	2055880	G	2473	86	2559	0.00004
Shigella	620	G	1759	5261	7020	0.00011
Candidatus Profftia	1177214	G	1425	0	1425	0.00002
Candidatus Moranella	1048757	G	436	0	436	0.00001
Candidatus Schneideria	1081630	G	245	0	245	0.00000
Candidatus Curculioniphilus	690591	G	181	0	181	0.00000
Candidatus Ishikawella	409304	G	36	0	36	0.00000
Candidatus Riesia	401618	G	25	0	25	0.00000
Serratia	613	G	6741591	50009	6791600	0.10450
Yersinia	629	G	561670	6029	567699	0.00873
Rahnella	34037	G	29778	235	30013	0.00046
Chania	1745211	G	9378	56	9434	0.00015
Rouxiella	1565532	G	8346	61	8407	0.00013
Ewingella	41201	G	5348	42	5390	0.00008
Gibbsiella	929812	G	2787	20	2807	0.00004
Chimaeribacter	2716544	G	2417	40	2457	0.00004
Nissabacter	1964366	G	1628	8	1636	0.00003
Candidatus Fukatsuia	1927833	G	1534	1	1535	0.00002
Morganella	581	G	289645	5702	295347	0.00454
Providencia	586	G	164125	48080	212205	0.00327
Xenorhabdus	626	G	39586	59	39645	0.00061
Proteus	583	G	37274	785	38059	0.00059
Photorhabdus	29487	G	14877	10	14887	0.00023
Arsenophonus	637	G	7396	5	7401	0.00011
Moellerella	158848	G	4309	196	4505	0.00007
Limnobaculum	2172100	G	278971	14614	293585	0.00452
Pragia	82984	G	185540	16205	201745	0.00310
Leminorella	82980	G	69332	519	69851	0.00107
Hafnia	568	G	489782	12802	502584	0.00773
Edwardsiella	635	G	28306	266	28572	0.00044
Obesumbacterium	82982	G	2438	490	2928	0.00005
Pantoea	53335	G	90010	3135	93145	0.00143
Erwinia	551	G	49359	4154	53513	0.00082
Mixta	2100764	G	7672	879	8551	0.00013
Tatumella	82986	G	7628	93	7721	0.00012
Buchnera	32199	G	7237	8	7245	0.00011
Winslowiella	2997349	G	4845	197	5042	0.00008
Paramixta	3231896	G	3563	108	3671	0.00006
Duffyella	3026546	G	2698	314	3012	0.00005
Pectobacterium	122277	G	62152	1403	63555	0.00098
Dickeya	204037	G	32508	1491	33999	0.00052
Brenneria	71655	G	13403	2271	15674	0.00024
Musicola	2884243	G	2930	49	2979	0.00005
Lonsdalea	1082702	G	2579	58	2637	0.00004
Prodigiosinella	3059405	G	862	2293	3155	0.00005
Sodalis	84565	G	9263	6	9269	0.00014
Gallaecimonas	745410	G	802	1	803	0.00001
Acinetobacter	469	G	9176116	34289	9210405	0.14172
Psychrobacter	497	G	3917	5	3922	0.00006
Moraxella	475	G	948	1	949	0.00001
Faucicola	1604696	G	747	4	751	0.00001
Lwoffella	3444169	G	218	2	220	0.00000
Aquirhabdus	2824158	G	197	0	197	0.00000
Alkanindiges	222991	G	140	1	141	0.00000
Stenotrophomonas	40323	G	3496964	59157	3556121	0.05472
Xanthomonas	338	G	10598	57	10655	0.00016
Lysobacter	68	G	1721	5	1726	0.00003
Pseudoxanthomonas	83618	G	1170	7	1177	0.00002
Luteimonas	83614	G	632	0	632	0.00001
Xylella	2370	G	416	2	418	0.00001
Thermomonas	141948	G	373	0	373	0.00001
Marilutibacter	3382698	G	320	0	320	0.00000
Novilysobacter	3382699	G	123	0	123	0.00000
Agrilutibacter	3382696	G	82	0	82	0.00000
Arenimonas	490567	G	67	0	67	0.00000
Solilutibacter	3382695	G	29	0	29	0.00000
Pseudoluteimonas	3382694	G	12	0	12	0.00000
Dyella	231454	G	1275	31	1306	0.00002
Rhodanobacter	75309	G	729	32	761	0.00001
Luteibacter	242605	G	594	11	605	0.00001
Tahibacter	1453544	G	575	5	580	0.00001
Dokdonella	323413	G	319	4	323	0.00000
Pseudolysobacter	2709666	G	254	0	254	0.00000
Frateuria	70411	G	80	7	87	0.00000
Ahniella	2233801	G	53	0	53	0.00000
Aerosticca	2707020	G	22	4	26	0.00000
Marinicella	863253	G	103	0	103	0.00000
Pseudomonas	286	G	217826	5320	223146	0.00343
Halopseudomonas	2901189	G	2512	144	2656	0.00004
Stutzerimonas	2901164	G	2149	166	2315	0.00004
Entomomonas	2758906	G	1249	0	1249	0.00002
Metapseudomonas	3236656	G	1044	53	1097	0.00002
Ectopseudomonas	3236654	G	701	189	890	0.00001
Azotobacter	352	G	489	6	495	0.00001
Azorhizophilus	157913	G	11	1	12	0.00000
Denitrificimonas	2901261	G	313	3	316	0.00000
Aquipseudomonas	3236652	G	272	24	296	0.00000
Thiopseudomonas	1654787	G	270	1	271	0.00000
Geopseudomonas	3236655	G	194	12	206	0.00000
Permianibacter	1649479	G	76	0	76	0.00000
Phytopseudomonas	3236657	G	36	2	38	0.00000
Marinobacter	2742	G	4061	61	4122	0.00006
Candidatus Njordibacter	3457297	G	395	0	395	0.00001
Ketobacter	2025617	G	146	0	146	0.00000
Pseudohongiella	1524249	G	30	0	30	0.00000
Aeromonas	642	G	168970	2067	171037	0.00263
Tolumonas	43947	G	951	4	955	0.00001
Zobellella	347533	G	690	6	696	0.00001
Oceanisphaera	225143	G	658	0	658	0.00001
Oceanimonas	129577	G	239	1	240	0.00000
Dongshaea	2802288	G	177	0	177	0.00000
Pseudaeromonas	1929090	G	143	0	143	0.00000
Succinivibrio	83770	G	447	0	447	0.00001
Vibrio	662	G	66353	1573	67926	0.00105
Photobacterium	657	G	13059	654	13713	0.00021
Grimontia	246861	G	1626	33	1659	0.00003
Aliivibrio	511678	G	1155	113	1268	0.00002
Salinivibrio	51366	G	1066	13	1079	0.00002
Parasalinivibrio	3378804	G	605	10	615	0.00001
Enterovibrio	188143	G	442	7	449	0.00001
Paraphotobacterium	2042066	G	238	5	243	0.00000
Thaumasiovibrio	2014233	G	141	5	146	0.00000
Shewanella	22	G	18254	465	18719	0.00029
Parashewanella	2547964	G	523	6	529	0.00001
Psychrobium	1573826	G	449	13	462	0.00001
Pseudoalteromonas	53246	G	14929	810	15739	0.00024
Psychrosphaera	907197	G	434	69	503	0.00001
Flocculibacter	2834759	G	253	8	261	0.00000
Alteromonas	226	G	4873	393	5266	0.00008
Salinimonas	288793	G	996	82	1078	0.00002
Agarivorans	261825	G	2055	29	2084	0.00003
Paraglaciecola	1621534	G	1430	60	1490	0.00002
Alishewanella	111142	G	811	61	872	0.00001
Catenovulum	1172191	G	753	10	763	0.00001
Saccharobesus	2894574	G	438	5	443	0.00001
Lacimicrobium	1751872	G	278	6	284	0.00000
Aliiglaciecola	1406885	G	250	30	280	0.00000
Alkalimarinus	1858563	G	220	0	220	0.00000
Neptunicella	2125985	G	169	5	174	0.00000
Ningiella	2751156	G	135	2	137	0.00000
Paraneptunicella	2905123	G	128	3	131	0.00000
Brumicola	3160924	G	111	3	114	0.00000
Planctobacterium	2200736	G	76	2	78	0.00000
Saliniradius	2661818	G	72	2	74	0.00000
Hydrocarboniclastica	2650549	G	61	0	61	0.00000
Thalassotalea	1518149	G	3207	246	3453	0.00005
Colwellia	28228	G	2360	142	2502	0.00004
Thalassomonas	137583	G	908	12	920	0.00001
Litorilituus	1407056	G	327	7	334	0.00001
Cognaticolwellia	2848171	G	191	14	205	0.00000
Pseudocolwellia	2848177	G	131	10	141	0.00000
Idiomarina	135575	G	2255	274	2529	0.00004
Pseudidiomarina	2800384	G	680	95	775	0.00001
Psychromonas	67572	G	2270	37	2307	0.00004
Moritella	58050	G	1853	202	2055	0.00003
Ferrimonas	44011	G	1174	38	1212	0.00002
Motilimonas	1914248	G	483	14	497	0.00001
Actinobacillus	713	G	5218	279	5497	0.00008
Haemophilus	724	G	5033	198	5231	0.00008
Pasteurella	745	G	3039	963	4002	0.00006
Mannheimia	75984	G	2399	80	2479	0.00004
Avibacterium	292486	G	1979	99	2078	0.00003
Gallibacterium	155493	G	1818	92	1910	0.00003
Aggregatibacter	416916	G	1467	92	1559	0.00002
Rodentibacter	1960084	G	1224	17	1241	0.00002
Glaesserella	2094023	G	1136	110	1246	0.00002
Lonepinella	53416	G	871	2	873	0.00001
Bibersteinia	476528	G	769	43	812	0.00001
Basfia	697331	G	665	12	677	0.00001
Bisgaardia	109471	G	649	9	658	0.00001
Mergibacter	2899790	G	594	4	598	0.00001
Histophilus	214906	G	537	36	573	0.00001
Otariodibacter	1249016	G	523	8	531	0.00001
Phocoenobacter	146805	G	514	109	623	0.00001
Testudinibacter	1755672	G	315	4	319	0.00000
Vespertiliibacter	1520333	G	218	3	221	0.00000
Frederiksenia	1649317	G	87	2	89	0.00000
Halomonas	2745	G	5061	833	5894	0.00009
Vreelandella	3137766	G	1756	763	2519	0.00004
Salinicola	404432	G	1141	56	1197	0.00002
Kushneria	504090	G	343	1	344	0.00001
Cobetia	204286	G	292	14	306	0.00000
Billgrantia	3137761	G	216	42	258	0.00000
Pistricoccus	1897649	G	194	3	197	0.00000
Candidatus Carsonella	114185	G	157	0	157	0.00000
Zymobacter	33073	G	32	2	34	0.00000
Halotalea	376488	G	89	1	90	0.00000
Chromohalobacter	42054	G	53	7	60	0.00000
Marinomonas	28253	G	3974	202	4176	0.00006
Neptuniibacter	459520	G	1125	27	1152	0.00002
Thalassolituus	187492	G	470	98	568	0.00001
Marinobacterium	48075	G	467	34	501	0.00001
Amphritea	515417	G	315	9	324	0.00000
Bacterioplanoides	2066071	G	276	15	291	0.00000
Neptunomonas	75687	G	274	14	288	0.00000
Aliamphritea	3018276	G	236	7	243	0.00000
Nitrincola	267849	G	214	11	225	0.00000
Motiliproteus	1775292	G	152	11	163	0.00000
Bacterioplanes	1537406	G	127	16	143	0.00000
Venatoribacter	2893036	G	102	14	116	0.00000
Bermanella	599651	G	88	0	88	0.00000
Marinospirillum	64968	G	63	9	72	0.00000
Endozoicomonas	305899	G	1518	62	1580	0.00002
Salinispirillum	1649491	G	586	16	602	0.00001
Reinekea	230494	G	426	9	435	0.00001
Saccharospirillum	231683	G	280	16	296	0.00000
Gynuella	1445504	G	194	4	198	0.00000
Alloalcanivorax	3020832	G	334	60	394	0.00001
Alcanivorax	59753	G	317	6	323	0.00000
Isoalcanivorax	3020833	G	240	19	259	0.00000
Marinicellulosiphila	3414216	G	732	17	749	0.00001
Aliikangiella	1920241	G	504	0	504	0.00001
Pleionea	1502941	G	16	0	16	0.00000
Allohahella	1855402	G	217	3	220	0.00000
Hahella	158481	G	156	8	164	0.00000
Thermohahella	3449104	G	54	6	60	0.00000
Spartinivicinus	2768738	G	312	23	335	0.00001
Pokkaliibacter	2301194	G	202	2	204	0.00000
Litorivicinus	418700	G	70	0	70	0.00000
Oleiphilus	141450	G	34	1	35	0.00000
Gilliamella	1193503	G	6022	209	6231	0.00010
Orbus	743714	G	4238	87	4325	0.00007
Utexia	3373510	G	1785	43	1828	0.00003
Zophobihabitans	2894762	G	1487	23	1510	0.00002
Frischella	1335631	G	922	89	1011	0.00002
Microbulbifer	48073	G	4519	2	4521	0.00007
Cellvibrio	10	G	1091	1	1092	0.00002
Teredinibacter	2425	G	683	1	684	0.00001
Simiduia	447467	G	536	0	536	0.00001
Agarilytica	2036021	G	348	0	348	0.00001
Agaribacterium	2038244	G	232	0	232	0.00000
Gilvimarinus	940550	G	178	0	178	0.00000
Saccharophagus	316625	G	172	0	172	0.00000
Marinagarivorans	1792291	G	139	0	139	0.00000
Maricurvus	1122283	G	138	0	138	0.00000
Marinimicrobium	359337	G	46	0	46	0.00000
Spongiibacter	630749	G	493	2	495	0.00001
Zhongshania	1434050	G	70	0	70	0.00000
Oceanicoccus	1084558	G	29	0	29	0.00000
Halioglobus	1217416	G	207	2	209	0.00000
Congregibacter	393661	G	160	6	166	0.00000
Luminiphilus	1341118	G	88	0	88	0.00000
Candidatus Paraluminiphilus	3040948	G	32	0	32	0.00000
Aequoribacter	2847769	G	30	1	31	0.00000
Kineobactrum	2678529	G	16	0	16	0.00000
Porticoccus	1123967	G	41	0	41	0.00000
Methylophaga	40222	G	976	3	979	0.00002
Thiomicrorhabdus	2039723	G	917	19	936	0.00001
Thiomicrospira	933	G	371	48	419	0.00001
Cycloclasticus	34067	G	356	0	356	0.00001
Piscirickettsia	1237	G	215	0	215	0.00000
Hydrogenovibrio	28884	G	184	4	188	0.00000
Thiosulfativibrio	2781120	G	143	2	145	0.00000
Thiosulfatimonas	2781121	G	112	2	114	0.00000
Francisella	262	G	1682	62	1744	0.00003
Allofrancisella	1869285	G	394	28	422	0.00001
Thiothrix	1030	G	1254	0	1254	0.00002
Beggiatoa	1021	G	217	0	217	0.00000
Cysteiniphilum	2056696	G	245	2	247	0.00000
Rheinheimera	67575	G	2856	5	2861	0.00004
Thiorhodovibrio	61593	G	366	126	492	0.00001
Nitrosococcus	1227	G	211	25	236	0.00000
Candidatus Nitrosoglobus	1980513	G	83	39	122	0.00000
Thiocapsa	1056	G	69	39	108	0.00000
Candidatus Nitrosacidococcus	2796146	G	67	20	87	0.00000
Thioflavicoccus	156885	G	62	26	88	0.00000
Thermochromatium	85073	G	48	52	100	0.00000
Thiocystis	13724	G	45	36	81	0.00000
Thiodictyon	53392	G	28	11	39	0.00000
Allochromatium	85072	G	19	24	43	0.00000
Marichromatium	85076	G	14	16	30	0.00000
Caldichromatium	2828366	G	11	10	21	0.00000
Ectothiorhodospira	1051	G	446	2	448	0.00001
Spiribacter	1335745	G	260	0	260	0.00000
Thioalkalivibrio	106633	G	209	0	209	0.00000
Acidihalobacter	1765964	G	176	0	176	0.00000
Aquisalimonas	406099	G	136	0	136	0.00000
Halorhodospira	85108	G	92	0	92	0.00000
Sediminicurvatus	3383961	G	69	0	69	0.00000
Alkalilimnicola	133193	G	35	0	35	0.00000
Ectothiorhodosinus	233099	G	19	0	19	0.00000
Granulosicoccus	437504	G	303	0	303	0.00000
Sulfuriflexus	1860077	G	260	0	260	0.00000
Thiosocius	2780488	G	94	0	94	0.00000
Candidatus Endoriftia	393764	G	84	0	84	0.00000
Candidatus Thiodiazotropha	1913444	G	49	0	49	0.00000
Sedimenticola	349742	G	40	0	40	0.00000
Thiolapillus	1608298	G	24	0	24	0.00000
Magnetovirga	3425870	G	12	0	12	0.00000
Halothiobacillus	109262	G	215	1	216	0.00000
Wenzhouxiangella	1676142	G	75	0	75	0.00000
Guyparkeria	2035712	G	52	0	52	0.00000
Legionella	445	G	5079	177	5256	0.00008
Fluoribacter	461	G	13	0	13	0.00000
Rickettsiella	59195	G	824	301	1125	0.00002
Coxiella	776	G	100	1	101	0.00000
Aquicella	254245	G	84	0	84	0.00000
Methylomonas	416	G	2389	2	2391	0.00004
Methylococcus	413	G	583	2	585	0.00001
Methylotuvimicrobium	2822410	G	372	0	372	0.00001
Methylobacter	429	G	287	1	288	0.00000
Methylomarinum	1221209	G	191	0	191	0.00000
Methylocaldum	73778	G	155	0	155	0.00000
Methylogaea	1295378	G	96	0	96	0.00000
Methylomicrobium	39773	G	47	0	47	0.00000
Methylomagnum	1760987	G	44	0	44	0.00000
Methyloprofundus	1565313	G	30	0	30	0.00000
Candidatus Methylocalor	3135206	G	15	0	15	0.00000
Methylovulum	762296	G	10	0	10	0.00000
Candidatus Pseudothioglobus	2841677	G	476	9	485	0.00001
Candidatus Vesicomyidisocius	2732587	G	315	0	315	0.00000
Candidatus Thioglobus	655184	G	183	14	197	0.00000
Candidatus Ruthturnera	1541743	G	150	2	152	0.00000
Candidatus Thiodubiliella	2738885	G	43	10	53	0.00000
Celerinatantimonas	412033	G	403	0	403	0.00001
Candidatus Palibaumannia	198346	G	242	243	485	0.00001
Candidatus Vondammii	2686004	G	14	0	14	0.00000
Candidatus Steffania	1076625	G	188	0	188	0.00000
Candidatus Nardonella	204619	G	11	0	11	0.00000
Ignatzschineria	112008	G	909	8	917	0.00001
Wohlfahrtiimonas	582472	G	270	4	274	0.00000
Suttonella	13275	G	27	2	29	0.00000
Cardiobacterium	2717	G	18	1	19	0.00000
Kangiella	261963	G	926	0	926	0.00001
Flagellatimonas	2893022	G	323	6	329	0.00001
Solimonas	413435	G	94	0	94	0.00000
Nevskia	64001	G	36	0	36	0.00000
Hydrocarboniphaga	243627	G	34	0	34	0.00000
Sinimarinibacterium	1861863	G	27	0	27	0.00000
Algiphilus	1266053	G	131	0	131	0.00000
Candidatus Spongiihabitans	3033996	G	242	0	242	0.00000
Sulfuricaulis	1744881	G	83	0	83	0.00000
Acidiferrobacter	986106	G	57	0	57	0.00000
Sulfurifustis	1692042	G	28	0	28	0.00000
Salinisphaera	180541	G	109	109	218	0.00000
Immundisolibacter	1934947	G	79	0	79	0.00000
Candidatus Portiera	235572	G	59	0	59	0.00000
Thiohalobacter	1273155	G	44	0	44	0.00000
Steroidobacter	469322	G	34	0	34	0.00000
Sulfurivermis	2034504	G	16	0	16	0.00000
Comamonas	283	G	11875616	300380	12175996	0.18735
Delftia	80865	G	105116	8771	113887	0.00175
Acidovorax	12916	G	83138	1509	84647	0.00130
Variovorax	34072	G	31422	245	31667	0.00049
Diaphorobacter	238749	G	24142	1014	25156	0.00039
Rhodoferax	28065	G	23076	108	23184	0.00036
Hydrogenophaga	47420	G	15676	192	15868	0.00024
Limnohabitans	665874	G	14654	41	14695	0.00023
Polaromonas	52972	G	9858	16	9874	0.00015
Alicycliphilus	201096	G	7928	467	8395	0.00013
Ottowia	219181	G	7009	49	7058	0.00011
Paracidovorax	3051137	G	4622	139	4761	0.00007
Melaminivora	1649468	G	3340	55	3395	0.00005
Simplicispira	352450	G	2740	47	2787	0.00004
Vandammella	2919468	G	2678	5	2683	0.00004
Paenacidovorax	3051138	G	2191	33	2224	0.00003
Ramlibacter	174951	G	1834	8	1842	0.00003
Pulveribacter	2678886	G	1228	13	1241	0.00002
Verminephrobacter	364316	G	1148	1	1149	0.00002
Hylemonella	232523	G	1134	3	1137	0.00002
Serpentinimonas	2490452	G	1012	3	1015	0.00002
Curvibacter	281915	G	912	22	934	0.00001
Brachymonas	28219	G	742	3	745	0.00001
Candidatus Symbiobacter	1436289	G	214	0	214	0.00000
Cupriavidus	106589	G	10596	408	11004	0.00017
Paraburkholderia	1822464	G	8746	257	9003	0.00014
Burkholderia	32008	G	8318	1078	9396	0.00014
Polynucleobacter	44013	G	6733	2	6735	0.00010
Pandoraea	93217	G	3858	88	3946	0.00006
Ralstonia	48736	G	3573	649	4222	0.00006
Caballeronia	1827195	G	1005	72	1077	0.00002
Limnobacter	131079	G	875	0	875	0.00001
Mycetohabitans	2571159	G	415	2	417	0.00001
Robbsia	2038280	G	333	4	337	0.00001
Mycoavidus	1810868	G	254	0	254	0.00000
Imbroritus	3422601	G	249	12	261	0.00000
Candidatus Vallotiella	2018044	G	203	1	204	0.00000
Pararobbsia	2718863	G	124	1	125	0.00000
Trinickia	2571160	G	49	1	50	0.00000
Ephemeroptericola	2680021	G	49	0	49	0.00000
Lautropia	47670	G	32	0	32	0.00000
Achromobacter	222	G	9347	355	9702	0.00015
Bordetella	517	G	4562	250	4812	0.00007
Alcaligenes	507	G	4330	98	4428	0.00007
Pigmentiphaga	152267	G	808	7	815	0.00001
Castellaniella	359336	G	664	18	682	0.00001
Orrella	1921582	G	626	35	661	0.00001
Advenella	290425	G	615	20	635	0.00001
Pollutimonas	2987599	G	429	103	532	0.00001
Pusillimonas	305976	G	425	30	455	0.00001
Paralcaligenes	1148163	G	400	4	404	0.00001
Neopusillimonas	2987605	G	300	28	328	0.00001
Oligella	90243	G	299	6	305	0.00000
Paenalcaligenes	1100891	G	227	8	235	0.00000
Kerstersia	257820	G	212	8	220	0.00000
Ampullimonas	1920247	G	188	0	188	0.00000
Taylorella	29574	G	183	67	250	0.00000
Pelistega	106146	G	172	1	173	0.00000
Parapusillimonas	1403714	G	128	20	148	0.00000
Basilea	1472344	G	104	0	104	0.00000
Massilia	149698	G	3489	357	3846	0.00006
Pseudoduganella	1522432	G	1710	163	1873	0.00003
Duganella	75654	G	975	94	1069	0.00002
Telluria	34069	G	554	106	660	0.00001
Rugamonas	212744	G	393	68	461	0.00001
Herbaspirillum	963	G	2565	89	2654	0.00004
Janthinobacterium	29580	G	2246	116	2362	0.00004
Undibacterium	401469	G	1526	24	1550	0.00002
Collimonas	202907	G	1214	39	1253	0.00002
Herminiimonas	303379	G	683	19	702	0.00001
Glaciimonas	1229970	G	356	16	372	0.00001
Oxalobacter	846	G	211	2	213	0.00000
Actimicrobium	1051898	G	190	10	200	0.00000
Noviherbaspirillum	1344552	G	154	4	158	0.00000
Candidatus Zinderia	884214	G	12	0	12	0.00000
Roseateles	93681	G	5864	195	6059	0.00009
Piscinibacter	1114981	G	948	21	969	0.00001
Caldimonas	196013	G	721	33	754	0.00001
Methylibium	316612	G	545	38	583	0.00001
Rubrivivax	28067	G	498	26	524	0.00001
Inhella	644355	G	485	17	502	0.00001
Sphaerotilus	34102	G	427	23	450	0.00001
Ideonella	36862	G	243	17	260	0.00000
Aquincola	391952	G	140	20	160	0.00000
Leptothrix	88	G	114	6	120	0.00000
Azohydromonas	312063	G	13	0	13	0.00000
Aquabacterium	92793	G	803	13	816	0.00001
Xylophilus	54066	G	700	5	705	0.00001
Tepidimonas	114248	G	588	2	590	0.00001
Thiomonas	32012	G	293	0	293	0.00000
Eleftheria	1597779	G	136	1	137	0.00000
Piscinibacterium	2066914	G	130	0	130	0.00000
Candidatus Ichthyocystis	2929841	G	85	0	85	0.00000
Rhizobacter	212743	G	57	0	57	0.00000
Sutterella	40544	G	558	0	558	0.00001
Turicimonas	1918598	G	145	0	145	0.00000
Neisseria	482	G	4652	190	4842	0.00007
Snodgrassella	1193515	G	643	9	652	0.00001
Vitreoscilla	59	G	505	5	510	0.00001
Wielerella	2944815	G	463	19	482	0.00001
Conchiformibius	334107	G	334	5	339	0.00001
Kingella	32257	G	322	22	344	0.00001
Uruburuella	299568	G	238	6	244	0.00000
Alysiella	194195	G	235	13	248	0.00000
Eikenella	538	G	155	12	167	0.00000
Aquella	2593687	G	123	0	123	0.00000
Simonsiella	71	G	101	4	105	0.00000
Paralysiella	2898489	G	37	0	37	0.00000
Crenobacter	1654931	G	26	0	26	0.00000
Bergeriella	334108	G	10	1	11	0.00000
Chromobacterium	535	G	1355	11	1366	0.00002
Aquitalea	407217	G	798	13	811	0.00001
Paludibacterium	400060	G	339	1	340	0.00001
Vogesella	57739	G	204	3	207	0.00000
Pseudogulbenkiania	568394	G	116	1	117	0.00000
Chitinibacter	230666	G	956	38	994	0.00002
Jeongeupia	885864	G	338	8	346	0.00001
Iodobacter	32014	G	310	5	315	0.00000
Deefgea	400947	G	208	9	217	0.00000
Silvimonas	300264	G	205	2	207	0.00000
Chitinimonas	240411	G	180	1	181	0.00000
Chitinolyticbacter	1055692	G	141	5	146	0.00000
Chitiniphilus	585890	G	56	1	57	0.00000
Laribacter	168470	G	138	4	142	0.00000
Aquaspirillum	187	G	114	1	115	0.00000
Microvirgula	57479	G	17	0	17	0.00000
Methylophilus	16	G	1298	5	1303	0.00002
Methylotenera	359407	G	715	7	722	0.00001
Candidatus Methylopumilus	1679002	G	559	5	564	0.00001
Methyloradius	2872156	G	404	3	407	0.00001
Methylovorus	81682	G	370	2	372	0.00001
Methylobacillus	404	G	183	2	185	0.00000
Methyloversatilis	378210	G	413	1	414	0.00001
Denitratisoma	311181	G	260	2	262	0.00000
Sterolibacterium	157591	G	165	0	165	0.00000
Sulfuricystis	3050898	G	91	0	91	0.00000
Sulfuritalea	1054211	G	50	0	50	0.00000
Rugosibacter	1914449	G	32	0	32	0.00000
Nitrosomonas	914	G	571	3	574	0.00001
Nitrosospira	35798	G	190	0	190	0.00000
Sideroxydans	314343	G	208	4	212	0.00000
Ferriphaselus	1443590	G	148	2	150	0.00000
Candidatus Nitrotoga	453161	G	75	0	75	0.00000
Sideroxyarcus	2943286	G	62	1	63	0.00000
Ferrigenium	2249462	G	27	0	27	0.00000
Gallionella	96	G	16	0	16	0.00000
Sulfuriferula	1778653	G	422	1	423	0.00001
Sulfurimicrobium	2772198	G	84	1	85	0.00000
Sulfuricella	935200	G	10	0	10	0.00000
Thiobacillus	919	G	128	0	128	0.00000
Usitatibacter	2803845	G	119	0	119	0.00000
Thauera	33057	G	1322	33	1355	0.00002
Azoarcus	12960	G	1019	40	1059	0.00002
Nitrogeniibacter	2891294	G	190	0	190	0.00000
Parazoarcus	2891322	G	115	1	116	0.00000
Pseudothauera	2891324	G	59	0	59	0.00000
Pseudazoarcus	2891323	G	26	0	26	0.00000
Dechloromonas	73029	G	803	50	853	0.00001
Azonexus	146936	G	230	27	257	0.00000
Ferribacterium	88875	G	207	3	210	0.00000
Quatrionicoccus	138117	G	67	3	70	0.00000
Aromatoleum	551759	G	709	32	741	0.00001
Azospira	146937	G	301	7	308	0.00000
Niveibacterium	1769726	G	239	0	239	0.00000
Oryzomicrobium	1911577	G	112	0	112	0.00000
Fluviibacter	2808942	G	72	0	72	0.00000
Candidatus Kinetoplastidibacterium	33055	G	366	0	366	0.00001
Chitinivorax	1433992	G	278	1	279	0.00000
Candidatus Profftella	1381133	G	121	0	121	0.00000
Candidatus Accumulibacter	327159	G	56	0	56	0.00000
Candidatus Nasuia	1301080	G	48	0	48	0.00000
Casimicrobium	2706000	G	12	0	12	0.00000
Ferrovum	416212	G	19	0	19	0.00000
Brucella	234	G	85966	14945	100911	0.00155
Ochrobactrum	528	G	7767	1307	9074	0.00014
Pseudochrobactrum	354349	G	2572	25	2597	0.00004
Bradyrhizobium	374	G	47908	219	48127	0.00074
Rhodopseudomonas	1073	G	871	12	883	0.00001
Tardiphaga	1395974	G	562	2	564	0.00001
Nitrobacter	911	G	102	0	102	0.00000
Afipia	1033	G	70	3	73	0.00000
Rugositalea	3466653	G	35	0	35	0.00000
Variibacter	1649510	G	14	0	14	0.00000
Agrobacterium	357	G	8442	981	9423	0.00014
Rhizobium	379	G	8237	739	8976	0.00014
Neorhizobium	1525371	G	1125	19	1144	0.00002
Pararhizobium	1612611	G	686	30	716	0.00001
Allorhizobium	78526	G	223	47	270	0.00000
Pseudorhizobium	1903858	G	28	1	29	0.00000
Sinorhizobium	28105	G	2480	80	2560	0.00004
Ensifer	106591	G	764	17	781	0.00001
Shinella	323620	G	1433	103	1536	0.00002
Hoeflea	274591	G	453	2	455	0.00001
Ciceribacter	1648508	G	292	14	306	0.00000
Liberibacter	34019	G	237	1	238	0.00000
Peteryoungia	2853332	G	143	1	144	0.00000
Georhizobium	2661800	G	107	0	107	0.00000
Terrirhizobium	3464117	G	103	1	104	0.00000
Lentilitoribacter	1649463	G	79	0	79	0.00000
Mesorhizobium	68287	G	4898	101	4999	0.00008
Aminobacter	31988	G	2219	154	2373	0.00004
Phyllobacterium	28100	G	711	2	713	0.00001
Nitratireductor	245876	G	550	9	559	0.00001
Aquibium	2911176	G	130	1	131	0.00000
Terribium	3143704	G	87	3	90	0.00000
Chelativorans	449972	G	40	0	40	0.00000
Bosea	85413	G	2826	8	2834	0.00004
Devosia	46913	G	1581	16	1597	0.00002
Pelagibacterium	1082930	G	801	45	846	0.00001
Paradevosia	1573407	G	133	3	136	0.00000
Maritalea	623276	G	65	0	65	0.00000
Mariluticola	3064792	G	49	0	49	0.00000
Methylobacterium	407	G	1359	10	1369	0.00002
Methylorubrum	2282523	G	750	24	774	0.00001
Microvirga	186650	G	462	0	462	0.00001
Bartonella	773	G	2342	2	2344	0.00004
Roseibium	150830	G	713	87	800	0.00001
Pannonibacter	227873	G	531	57	588	0.00001
Labrenzia	478070	G	416	21	437	0.00001
Stappia	152161	G	247	4	251	0.00000
Breoghania	1406135	G	95	0	95	0.00000
Pseudovibrio	258255	G	30	0	30	0.00000
Aureimonas	414371	G	666	32	698	0.00001
Martelella	293088	G	558	10	568	0.00001
Antarcticirhabdus	3042730	G	167	1	168	0.00000
Jiella	1775688	G	50	0	50	0.00000
Aurantimonas	182269	G	26	0	26	0.00000
Hartmannibacter	1572860	G	921	12	933	0.00001
Pleomorphomonas	261933	G	497	9	506	0.00001
Ancylobacter	99	G	792	20	812	0.00001
Xanthobacter	279	G	172	5	177	0.00000
Pseudolabrys	556257	G	143	0	143	0.00000
Labrys	204476	G	102	0	102	0.00000
Aquabacter	45402	G	74	0	74	0.00000
Azorhizobium	6	G	35	0	35	0.00000
Starkeya	152053	G	28	0	28	0.00000
Candidatus Endowatersipora	376743	G	175	0	175	0.00000
Pseudorhodoplanes	1734920	G	149	0	149	0.00000
Candidatus Hodgkinia	573657	G	102	0	102	0.00000
Enhydrobacter	212791	G	36	0	36	0.00000
Nordella	169055	G	28	0	28	0.00000
Terrihabitans	2874214	G	26	0	26	0.00000
Reyranella	445219	G	481	0	481	0.00001
Hyphomicrobium	81	G	350	0	350	0.00001
Rhodomicrobium	1068	G	90	0	90	0.00000
Methyloligella	1485594	G	21	0	21	0.00000
Methylocystis	133	G	320	6	326	0.00001
Methylosinus	425	G	136	4	140	0.00000
Candidatus Phaeomarinibacter	1541445	G	106	0	106	0.00000
Kaustia	2838250	G	97	0	97	0.00000
Parvibaculum	256616	G	89	2	91	0.00000
Tepidicaulis	1742977	G	50	4	54	0.00000
Pyruvatibacter	1742974	G	37	0	37	0.00000
Anderseniella	444432	G	20	0	20	0.00000
Cohaesibacter	655352	G	334	0	334	0.00001
Acuticoccus	1904377	G	321	0	321	0.00000
Oricola	1594166	G	208	2	210	0.00000
Roseitalea	1915401	G	45	0	45	0.00000
Ahrensia	152180	G	33	0	33	0.00000
Oceaniradius	2679892	G	20	1	21	0.00000
Phreatobacter	1632780	G	223	0	223	0.00000
Coralliovum	3228940	G	180	0	180	0.00000
Methylocella	120652	G	71	0	71	0.00000
Methylocapsa	184923	G	46	0	46	0.00000
Methylovirgula	1156568	G	39	0	39	0.00000
Beijerinckia	532	G	24	0	24	0.00000
Kaistia	166953	G	157	0	157	0.00000
Bauldia	1145345	G	20	0	20	0.00000
Methyloraptor	3382645	G	120	0	120	0.00000
Chenggangzhangella	2041902	G	116	0	116	0.00000
Chelatococcus	28209	G	85	0	85	0.00000
Terrirubrum	3142786	G	83	0	83	0.00000
Salaquimonas	2712688	G	52	0	52	0.00000
Salinarimonas	690086	G	40	0	40	0.00000
Rhodoligotrophos	987053	G	37	0	37	0.00000
Lichenihabitans	2723776	G	36	0	36	0.00000
Blastochloris	59282	G	27	0	27	0.00000
Alsobacter	1502180	G	23	0	23	0.00000
Aestuariivirga	2650923	G	22	0	22	0.00000
Afifella	643217	G	12	0	12	0.00000
Brevundimonas	41275	G	94655	2281	96936	0.00149
Caulobacter	75	G	15965	73	16038	0.00025
Asticcacaulis	76890	G	519	0	519	0.00001
Phenylobacterium	20	G	416	2	418	0.00001
Terricaulis	2768684	G	38	0	38	0.00000
Paracoccus	265	G	7147	1039	8186	0.00013
Thioclava	285107	G	1771	163	1934	0.00003
Tabrizicola	1443919	G	828	196	1024	0.00002
Pseudooceanicola	1679449	G	739	43	782	0.00001
Gemmobacter	204456	G	501	125	626	0.00001
Yoonia	2211641	G	491	49	540	0.00001
Rhodovulum	34008	G	467	100	567	0.00001
Cereibacter	1653176	G	409	85	494	0.00001
Parasedimentitalea	2738399	G	400	14	414	0.00001
Aliiroseovarius	1658781	G	309	21	330	0.00001
Tritonibacter	2083206	G	282	178	460	0.00001
Pseudogemmobacter	2663134	G	280	15	295	0.00000
Paragemmobacter	3143992	G	264	45	309	0.00000
Roseinatronobacter	121820	G	250	4	254	0.00000
Falsirhodobacter	1434002	G	229	20	249	0.00000
Pacificitalea	2846749	G	227	82	309	0.00000
Frigidibacter	1775705	G	223	72	295	0.00000
Marivivens	1759396	G	220	23	243	0.00000
Arenibacterium	2824249	G	213	62	275	0.00000
Haematobacter	366614	G	208	125	333	0.00001
Abyssibius	3029205	G	183	8	191	0.00000
Fuscovulum	2818469	G	182	54	236	0.00000
Pseudophaeobacter	1541822	G	168	99	267	0.00000
Neotabrizicola	2946607	G	161	50	211	0.00000
Pseudorhodobacter	238783	G	142	6	148	0.00000
Roseicitreum	1209946	G	134	2	136	0.00000
Pukyongiella	2831925	G	129	60	189	0.00000
Paroceanicella	2683599	G	114	45	159	0.00000
Pelagovum	2795377	G	114	6	120	0.00000
Profundibacter	2778525	G	112	1	113	0.00000
Amaricoccus	56999	G	111	4	115	0.00000
Cognatishimia	2211635	G	105	2	107	0.00000
Gymnodinialimonas	2937410	G	102	2	104	0.00000
Pontivivens	1844015	G	101	24	125	0.00000
Aestuariibius	2109360	G	100	2	102	0.00000
Qingshengfaniella	2816884	G	99	4	103	0.00000
Marinibacterium	1931200	G	90	9	99	0.00000
Polymorphum	991903	G	88	13	101	0.00000
Pseudopelagicola	1649483	G	80	1	81	0.00000
Limimaricola	2211638	G	77	8	85	0.00000
Albidovulum	205889	G	76	2	78	0.00000
Pseudoroseicyclus	1813601	G	73	2	75	0.00000
Aquicoccus	2055850	G	72	3	75	0.00000
Nioella	1775424	G	71	1	72	0.00000
Planktomarina	1284657	G	56	2	58	0.00000
Fontisubflavum	3118803	G	52	0	52	0.00000
Silicimonas	1955420	G	51	0	51	0.00000
Algicella	3050722	G	47	0	47	0.00000
Amylibacter	1617805	G	44	0	44	0.00000
Vannielia	2813041	G	32	0	32	0.00000
Pikeienuella	2831955	G	28	1	29	0.00000
Brevirhabdus	1855413	G	28	26	54	0.00000
Sulfitobacter	60136	G	2268	624	2892	0.00004
Roseovarius	74030	G	1266	143	1409	0.00002
Leisingera	191028	G	770	66	836	0.00001
Phaeobacter	302485	G	721	214	935	0.00001
Ketogulonicigenium	92944	G	720	40	760	0.00001
Thalassovita	335927	G	621	22	643	0.00001
Pseudosulfitobacter	2854186	G	540	345	885	0.00001
Ruegeria	97050	G	520	172	692	0.00001
Alloyangia	2919626	G	514	36	550	0.00001
Celeribacter	875170	G	429	178	607	0.00001
Roseobacter	2433	G	401	19	420	0.00001
Loktanella	245186	G	254	9	263	0.00000
Octadecabacter	53945	G	230	25	255	0.00000
Jannaschia	188905	G	228	4	232	0.00000
Salipiger	263377	G	227	96	323	0.00000
Roseicyclus	336277	G	221	3	224	0.00000
Roseivivax	93682	G	211	36	247	0.00000
Falsihalocynthiibacter	2854182	G	207	3	210	0.00000
Shimia	573139	G	202	7	209	0.00000
Marinovum	367771	G	199	41	240	0.00000
Tateyamaria	299261	G	198	7	205	0.00000
Rhodophyticola	2680018	G	189	2	191	0.00000
Seohaeicola	481178	G	169	0	169	0.00000
Sagittula	58842	G	163	66	229	0.00000
Algirhabdus	3412738	G	154	1	155	0.00000
Oceanicola	252301	G	120	2	122	0.00000
Actibacterium	1433986	G	116	131	247	0.00000
Marivita	659428	G	105	2	107	0.00000
Antarctobacter	74032	G	102	2	104	0.00000
Lentibacter	1434014	G	100	13	113	0.00000
Mameliella	1434019	G	98	20	118	0.00000
Tropicibacter	599653	G	82	3	85	0.00000
Pelagimonas	1434029	G	82	7	89	0.00000
Palleronia	315422	G	72	1	73	0.00000
Aliisedimentitalea	1697958	G	68	9	77	0.00000
Ponticoccus	983507	G	54	5	59	0.00000
Nereida	282198	G	54	0	54	0.00000
Dinoroseobacter	309512	G	52	51	103	0.00000
Thalassococcus	436357	G	48	0	48	0.00000
Thalassobacter	266808	G	46	0	46	0.00000
Rhodobacter	1060	G	1663	165	1828	0.00003
Sphingomonas	13687	G	4548	100	4648	0.00007
Novosphingobium	165696	G	2002	114	2116	0.00003
Stakelama	1124625	G	76	1	77	0.00000
Hankyongella	1763827	G	38	0	38	0.00000
Alterisphingorhabdus (ex Yan et al. 2024)	3382518	G	16	0	16	0.00000
Citromicrobium	72173	G	14	0	14	0.00000
Sphingosinithalassobacter	2676233	G	13	0	13	0.00000
Sphingobium	165695	G	2130	379	2509	0.00004
Erythrobacter	1041	G	456	28	484	0.00001
Porphyrobacter	1111	G	224	12	236	0.00000
Qipengyuania	1855416	G	293	37	330	0.00001
Altererythrobacter	361177	G	222	15	237	0.00000
Tsuneonella	2800686	G	174	5	179	0.00000
Croceicoccus	1295327	G	130	10	140	0.00000
Croceibacterium	2676755	G	115	13	128	0.00000
Aurantiacibacter	2800681	G	77	11	88	0.00000
Caenibius	2827482	G	35	2	37	0.00000
Pelagerythrobacter	2800685	G	32	4	36	0.00000
Pseudoblastomonas	3423750	G	20	2	22	0.00000
Parerythrobacter	2800684	G	12	0	12	0.00000
Paraurantiacibacter	2800682	G	11	0	11	0.00000
Sphingopyxis	165697	G	1812	44	1856	0.00003
Parasphingorhabdus	2709685	G	946	7	953	0.00001
Sphingorhabdus	1434046	G	291	2	293	0.00000
Novosphingopyxis	2709686	G	136	0	136	0.00000
Zymomonas	541	G	449	14	463	0.00001
Rhizorhabdus	1649486	G	408	63	471	0.00001
Alterirhizorhabdus	3423723	G	34	0	34	0.00000
Blastomonas	150203	G	432	3	435	0.00001
Sandaracinobacteroides	2883109	G	169	0	169	0.00000
Sphingosinicella	335405	G	75	1	76	0.00000
Glacieibacterium	2860235	G	66	3	69	0.00000
Polymorphobacter	1508451	G	19	1	20	0.00000
Allosphingosinicella	2823232	G	40	0	40	0.00000
Sphingomicrobium	1227948	G	30	0	30	0.00000
Aquisediminimonas	2676781	G	42	0	42	0.00000
Parasphingopyxis	1234545	G	29	0	29	0.00000
Wolbachia	953	G	4693	10	4703	0.00007
Ehrlichia	943	G	781	1	782	0.00001
Anaplasma	768	G	134	0	134	0.00000
Candidatus Mesenet	2883098	G	113	0	113	0.00000
Candidatus Neoehrlichia	467749	G	50	0	50	0.00000
Rickettsia	780	G	746	44	790	0.00001
Candidatus Tisiphia	2996317	G	245	170	415	0.00001
Candidatus Trichorickettsia	1522201	G	156	0	156	0.00000
Orientia	69474	G	78	0	78	0.00000
Candidatus Megaera	1742636	G	10	0	10	0.00000
Candidatus Fokinia	1802983	G	124	0	124	0.00000
Candidatus Bandiella	2716172	G	86	0	86	0.00000
Candidatus Lariskella	1175554	G	35	0	35	0.00000
Candidatus Deianiraea	2603321	G	19	0	19	0.00000
Azospirillum	191	G	1110	8	1118	0.00002
Niveispirillum	1543704	G	438	8	446	0.00001
Skermanella	204447	G	256	12	268	0.00000
Nitrospirillum	1543705	G	96	0	96	0.00000
Indioceanicola	2478349	G	14	0	14	0.00000
Thalassospira	168934	G	1108	5	1113	0.00002
Magnetospira	1182780	G	58	0	58	0.00000
Aerophototrophica	2811387	G	411	3	414	0.00001
Candidatus Endolissoclinum	1263978	G	186	0	186	0.00000
Ferrovibrio	1231242	G	174	0	174	0.00000
Magnetospirillum	13134	G	138	25	163	0.00000
Rhodospirillum	1081	G	71	1	72	0.00000
Defluviicoccus	111830	G	33	0	33	0.00000
Pararhodospirillum	1612157	G	28	0	28	0.00000
Algihabitans	2821512	G	173	0	173	0.00000
Pelagibius	643951	G	134	0	134	0.00000
Thalassobaculum	526215	G	174	4	178	0.00000
Nisaea	390876	G	42	0	42	0.00000
Terasakiella	196080	G	141	0	141	0.00000
Hypericibacter	2705399	G	141	0	141	0.00000
Hwanghaeella	2605940	G	48	0	48	0.00000
Aestuariispira	1647175	G	43	0	43	0.00000
Stella	93	G	89	0	89	0.00000
Haematospirillum	1804663	G	31	0	31	0.00000
Caenispirillum	414051	G	14	0	14	0.00000
Paramagnetospirillum	3031148	G	40	16	56	0.00000
Zavarzinia	204446	G	22	0	22	0.00000
Acetobacter	434	G	942	24	966	0.00001
Gluconobacter	441	G	492	9	501	0.00001
Candidatus Kirkpatrickella	3097638	G	431	1	432	0.00001
Komagataeibacter	1434011	G	385	22	407	0.00001
Asaia	91914	G	381	3	384	0.00001
Neokomagataea	1223423	G	166	1	167	0.00000
Nguyenibacter	1519186	G	154	1	155	0.00000
Neoasaia	320496	G	126	1	127	0.00000
Pararoseomonas	2870712	G	120	0	120	0.00000
Rhodovastum	504465	G	94	0	94	0.00000
Novacetimonas	2919364	G	71	2	73	0.00000
Rhodopila	1070	G	49	0	49	0.00000
Gluconacetobacter	89583	G	47	0	47	0.00000
Lichenicola	2804525	G	40	0	40	0.00000
Acidibrevibacterium	2603324	G	36	0	36	0.00000
Lichenicoccus	2781897	G	35	0	35	0.00000
Granulibacter	364409	G	35	0	35	0.00000
Swingsia	1649499	G	24	0	24	0.00000
Kozakia	153497	G	23	0	23	0.00000
Formicincola	2952773	G	11	0	11	0.00000
Roseomonas	125216	G	510	26	536	0.00001
Humitalea	1223303	G	161	0	161	0.00000
Sediminicoccus	1706033	G	143	0	143	0.00000
Dankookia	1940143	G	52	0	52	0.00000
Roseococcus	35812	G	46	0	46	0.00000
Muricoccus	3409995	G	27	0	27	0.00000
Acidiphilium	522	G	75	0	75	0.00000
Acidisoma	512381	G	23	0	23	0.00000
Acidocella	50709	G	12	0	12	0.00000
Elioraea	457933	G	65	0	65	0.00000
Candidatus Pelagibacter	198251	G	2392	0	2392	0.00004
Candidatus Fonsibacter	2045213	G	21	0	21	0.00000
Tistrella	171436	G	1099	34	1133	0.00002
Marinivivus	3457535	G	57	0	57	0.00000
Pseudemcibacter	2943291	G	470	0	470	0.00001
Luteithermobacter	2813803	G	86	0	86	0.00000
Paremcibacter	2813804	G	78	0	78	0.00000
Emcibacter	1602338	G	34	0	34	0.00000
Oceanicaulis	153232	G	128	1	129	0.00000
Hyphobacterium	2004661	G	127	2	129	0.00000
Glycocaulis	1433402	G	55	1	56	0.00000
Maricaulis	74317	G	13	0	13	0.00000
Marinicauda	1649466	G	12	0	12	0.00000
Litorimonas	1167830	G	138	0	138	0.00000
Fretibacter	1649331	G	46	0	46	0.00000
Algimonas	1246884	G	37	0	37	0.00000
Sneathiella	510690	G	553	0	553	0.00001
Candidatus Cytomitobacter	2601574	G	260	1	261	0.00000
Candidatus Bealeia	1920992	G	58	0	58	0.00000
Candidatus Nesciobacter	2601651	G	11	0	11	0.00000
Candidatus Nucleicultrix	1509243	G	108	0	108	0.00000
Candidatus Bodocaedibacter	3163645	G	12	0	12	0.00000
Kordiimonas	288021	G	323	0	323	0.00000
Temperatibacter	1549129	G	55	0	55	0.00000
Gimibacter	3058346	G	11	0	11	0.00000
Hyphococcus	2038635	G	162	0	162	0.00000
Parvularcula	208215	G	138	0	138	0.00000
Aquisalinus	1795639	G	40	0	40	0.00000
Hyphomonas	85	G	175	0	175	0.00000
Hirschia	2723	G	96	0	96	0.00000
Candidatus Viadribacter	2892997	G	51	0	51	0.00000
Candidatus Levibacter	3457288	G	126	0	126	0.00000
Candidatus Ponderosibacter	3457287	G	82	1	83	0.00000
Candidatus Puniceispirillum	767891	G	19	0	19	0.00000
Radicibacter	3462474	G	102	0	102	0.00000
Minwuia	2493629	G	74	5	79	0.00000
Acidithiobacillus	119977	G	585	0	585	0.00001
Thermithiobacillus	119979	G	28	0	28	0.00000
Magnetococcus	162171	G	47	0	47	0.00000
Mariprofundus	377315	G	22	0	22	0.00000
Parabacteroides	375288	G	1337495	116851	1454346	0.02238
Tannerella	195950	G	9831	292	10123	0.00016
Bacteroides	816	G	762619	82984	845603	0.01301
Phocaeicola	909656	G	34111	4926	39037	0.00060
Macellibacteroides	1159323	G	36845	978	37823	0.00058
Porphyromonas	836	G	17033	623	17656	0.00027
Prevotella	838	G	31280	1564	32844	0.00051
Segatella	2974251	G	11347	662	12009	0.00018
Paraprevotella	577309	G	3525	358	3883	0.00006
Hoylesella	2974257	G	2802	988	3790	0.00006
Xylanibacter	558436	G	1764	29	1793	0.00003
Pseudoprevotella	2884814	G	612	6	618	0.00001
Dysgonomonas	156973	G	12009	172	12181	0.00019
Limibacterium	3404873	G	11537	503	12040	0.00019
Proteiniphilum	294702	G	7642	811	8453	0.00013
Petrimonas	307628	G	5463	774	6237	0.00010
Barnesiella	397864	G	10405	701	11106	0.00017
Coprobacter	1348911	G	9782	772	10554	0.00016
Alistipes	239759	G	11673	778	12451	0.00019
Acetobacteroides	1647173	G	228	1	229	0.00000
Muribaculum	1918540	G	3232	338	3570	0.00005
Duncaniella	2518495	G	2361	82	2443	0.00004
Paramuribaculum	2518497	G	2149	121	2270	0.00003
Sodaliphilus	2815786	G	954	39	993	0.00002
Butyricimonas	574697	G	5772	695	6467	0.00010
Odoribacter	283168	G	2202	223	2425	0.00004
Paludibacter	346096	G	4389	2	4391	0.00007
Salinivirga	1970191	G	855	0	855	0.00001
Tenuifilum	2760873	G	812	2	814	0.00001
Candidatus Azobacteroides	511434	G	770	0	770	0.00001
Draconibacterium	1471399	G	7129	174	7303	0.00011
Maribellus	2678352	G	1863	70	1933	0.00003
Aquipluma	2792393	G	1227	6	1233	0.00002
Mangrovibacterium	1573808	G	1201	136	1337	0.00002
Gaoshiqia	3045890	G	771	12	783	0.00001
Halosquirtibacter	3374594	G	733	27	760	0.00001
Marinifilum	866673	G	2661	23	2684	0.00004
Labilibaculum	2060722	G	2168	13	2181	0.00003
Xiashengella	3129724	G	1261	327	1588	0.00002
Alkalitalea	1193324	G	491	3	494	0.00001
Flavobacterium	237	G	115964	3582	119546	0.00184
Polaribacter	52959	G	9558	1033	10591	0.00016
Tenacibaculum	104267	G	6377	483	6860	0.00011
Capnocytophaga	1016	G	4484	156	4640	0.00007
Myroides	76831	G	4283	457	4740	0.00007
Maribacter	252356	G	4022	345	4367	0.00007
Flagellimonas	444459	G	3967	383	4350	0.00007
Aquimarina	290174	G	3879	191	4070	0.00006
Winogradskyella	286104	G	3065	401	3466	0.00005
Formosa	225842	G	2244	315	2559	0.00004
Cellulophaga	104264	G	2185	198	2383	0.00004
Mariniflexile	527198	G	1573	178	1751	0.00003
Algibacter	261827	G	1549	264	1813	0.00003
Zobellia	112040	G	1540	61	1601	0.00002
Aequorivita	153265	G	1471	85	1556	0.00002
Christiangramia	292691	G	1407	183	1590	0.00002
Aestuariibaculum	1386924	G	1397	89	1486	0.00002
Flavivirga	1209327	G	1289	45	1334	0.00002
Zunongwangia	417127	G	1250	678	1928	0.00003
Dokdonia	326319	G	1226	24	1250	0.00002
Lutibacter	358023	G	1222	48	1270	0.00002
Nonlabens	363408	G	1217	106	1323	0.00002
Siansivirga	1204360	G	1053	120	1173	0.00002
Kordia	221065	G	997	30	1027	0.00002
Leeuwenhoekiella	283735	G	976	228	1204	0.00002
Amniculibacterium	2715289	G	960	699	1659	0.00003
Antarcticibacterium	2058174	G	879	99	978	0.00002
Sinomicrobium	1434045	G	779	5	784	0.00001
Allomuricauda	111500	G	736	41	777	0.00001
Aureibaculum	2706948	G	687	49	736	0.00001
Imtechella	1165076	G	680	31	711	0.00001
Lacinutrix	291183	G	675	99	774	0.00001
Vaginella	1935184	G	652	368	1020	0.00002
Croceibacter	216431	G	637	117	754	0.00001
Seonamhaeicola	1649495	G	566	37	603	0.00001
Pontimicrobium	2918913	G	517	85	602	0.00001
Arenibacter	178469	G	467	210	677	0.00001
Constantimarinum	2907134	G	453	36	489	0.00001
Costertonia	343334	G	449	135	584	0.00001
Daejeonia	2027867	G	410	224	634	0.00001
Zhouia	561555	G	391	82	473	0.00001
Candidatus Marifrigoribacter	3457289	G	385	32	417	0.00001
Galbibacter	379068	G	348	15	363	0.00001
Marixanthomonas	387658	G	336	90	426	0.00001
Salegentibacter	143222	G	296	203	499	0.00001
Psychroserpens	49277	G	289	234	523	0.00001
Mesoflavibacter	444051	G	282	57	339	0.00001
Patiriisocius	2822394	G	275	21	296	0.00000
Thalassobellus	3400333	G	265	29	294	0.00000
Muriicola	762641	G	265	5	270	0.00000
Rasiella	2987594	G	264	14	278	0.00000
Hwangdonia	1649460	G	263	52	315	0.00000
Oceanihabitans	2045416	G	254	89	343	0.00001
Flaviramulus	369400	G	247	37	284	0.00000
Tamlana	393005	G	245	154	399	0.00001
Olleya	336276	G	225	67	292	0.00000
Robiginitalea	252306	G	224	3	227	0.00000
Ulvibacterium	2665910	G	212	0	212	0.00000
Psychroflexus	83612	G	203	5	208	0.00000
Pseudotamlana	3400368	G	172	95	267	0.00000
Allotamlana	3400365	G	167	10	177	0.00000
Paenimyroides	3085669	G	167	333	500	0.00001
Gilvibacter	379070	G	161	33	194	0.00000
Salinimicrobium	561367	G	158	18	176	0.00000
Mangrovimonas	1211036	G	152	13	165	0.00000
Pukyongia	2831916	G	150	9	159	0.00000
Bizionia	283785	G	137	22	159	0.00000
Euzebyella	1287916	G	120	63	183	0.00000
Candidatus Arcticimaribacter	2953860	G	112	9	121	0.00000
Abyssalbus	2967089	G	112	2	114	0.00000
Changchengzhania	2049301	G	112	5	117	0.00000
Wenyingzhuangia	1518147	G	107	9	116	0.00000
Gillisia	244698	G	84	39	123	0.00000
Urechidicola	2700084	G	84	41	125	0.00000
Pseudalgibacter	2861660	G	50	8	58	0.00000
Lutimonas	449810	G	34	0	34	0.00000
Aggregatimonas	2913017	G	26	0	26	0.00000
Aegicerativicinus	2893197	G	24	0	24	0.00000
Sediminicola	389486	G	18	0	18	0.00000
Chryseobacterium	59732	G	61292	4296	65588	0.00101
Kaistella	2782231	G	2531	66	2597	0.00004
Epilithonimonas	2782229	G	1054	244	1298	0.00002
Empedobacter	59734	G	8252	1888	10140	0.00016
Elizabethkingia	308865	G	4791	513	5304	0.00008
Apibacter	1778601	G	1082	5	1087	0.00002
Ornithobacterium	28250	G	691	24	715	0.00001
Faecalibacter	2766734	G	606	30	636	0.00001
Cruoricaptor	1433995	G	524	50	574	0.00001
Cloacibacterium	501783	G	504	143	647	0.00001
Bergeyella	59735	G	473	41	514	0.00001
Riemerella	34084	G	352	23	375	0.00001
Weeksella	1013	G	157	52	209	0.00000
Marnyiella	3088764	G	77	4	81	0.00000
Blattabacterium	34098	G	3408	24	3432	0.00005
Fluviicola	332102	G	1187	9	1196	0.00002
Paracrocinitomix	3024544	G	387	0	387	0.00001
Owenweeksia	267986	G	701	0	701	0.00001
Croceimicrobium	2828338	G	449	6	455	0.00001
Ichthyobacterium	1755829	G	1027	0	1027	0.00002
Candidatus Shikimatogenerans	2926991	G	307	11	318	0.00000
Candidatus Karelsulcia	336809	G	108	1	109	0.00000
Sanyastnella	3228946	G	199	0	199	0.00000
Parvicella	2975260	G	12	0	12	0.00000
Sphingobacterium	28453	G	120760	3133	123893	0.00191
Mucilaginibacter	423349	G	20306	268	20574	0.00032
Pedobacter	84567	G	19591	499	20090	0.00031
Olivibacter	376469	G	1963	257	2220	0.00003
Solitalea	929509	G	1266	16	1282	0.00002
Pseudopedobacter	1649482	G	798	68	866	0.00001
Arcticibacter	1288026	G	622	18	640	0.00001
Anseongella	1773450	G	590	1	591	0.00001
Aurantibacillus	3088889	G	590	0	590	0.00001
Hymenobacter	89966	G	6412	133	6545	0.00010
Pontibacter	323449	G	3963	261	4224	0.00006
Adhaeribacter	299566	G	1317	60	1377	0.00002
Rufibacter	1379908	G	1088	157	1245	0.00002
Nibribacter	1649474	G	10	5	15	0.00000
Spirosoma	107	G	8570	68	8638	0.00013
Cytophaga	978	G	186	4	190	0.00000
Dyadobacter	120831	G	6559	138	6697	0.00010
Runella	105	G	1094	3	1097	0.00002
Tellurirhabdus	2674996	G	502	29	531	0.00001
Larkinella	332157	G	434	11	445	0.00001
Fibrella	861914	G	78	2	80	0.00000
Echinicola	390846	G	2915	296	3211	0.00005
Algoriphagus	246875	G	2577	109	2686	0.00004
Cyclobacterium	68288	G	438	93	531	0.00001
Belliella	232244	G	217	17	234	0.00000
Mongoliitalea	1511649	G	128	1	129	0.00000
Aquiflexum	280472	G	75	1	76	0.00000
Reichenbachiella	156993	G	1201	461	1662	0.00003
Ekhidna	447678	G	928	70	998	0.00002
Fulvivirga	396811	G	1522	87	1609	0.00002
Chryseolinea	1433993	G	614	3	617	0.00001
Porifericola	1001222	G	823	24	847	0.00001
Catalinimonas	1522128	G	769	6	775	0.00001
Tunicatimonas	1077254	G	524	0	524	0.00001
Flammeovirga	59739	G	1143	67	1210	0.00002
Chondrinema	3051458	G	568	62	630	0.00001
Imperialibacter	1649461	G	285	36	321	0.00000
Emticicia	312278	G	928	15	943	0.00001
Jiulongibacter	2031119	G	391	2	393	0.00001
Arcticibacterium	2173039	G	259	1	260	0.00000
Marinilongibacter	2975149	G	114	0	114	0.00000
Leadbetterella	319458	G	96	3	99	0.00000
Fulvitalea	1434007	G	914	34	948	0.00001
Persicobacter	59740	G	585	27	612	0.00001
Aureibacter	1097443	G	144	3	147	0.00000
Bernardetia	1937972	G	1346	2	1348	0.00002
Marivirga	869806	G	1231	436	1667	0.00003
Roseivirga	290180	G	1184	76	1260	0.00002
Rhodocytophaga	455076	G	974	5	979	0.00002
Mangrovivirga	2858886	G	754	8	762	0.00001
Aquirufa	2676247	G	649	4	653	0.00001
Candidatus Cardinium	273135	G	108	0	108	0.00000
Candidatus Amoebophilus	281119	G	52	0	52	0.00000
Chitinophaga	79328	G	15172	239	15411	0.00024
Arachidicoccus	1769012	G	2202	47	2249	0.00003
Filimonas	649460	G	1638	89	1727	0.00003
Niabella	379899	G	1617	46	1663	0.00003
Flavisolibacter	398041	G	1595	74	1669	0.00003
Phnomibacter	2836216	G	1268	57	1325	0.00002
Flavihumibacter	1004301	G	1049	11	1060	0.00002
Paraflavitalea	2698688	G	1042	24	1066	0.00002
Niastella	354354	G	951	40	991	0.00002
Pseudobacter	1860196	G	774	37	811	0.00001
Ferruginibacter	1004303	G	724	11	735	0.00001
Lacibacter	649461	G	675	11	686	0.00001
Puia	2045098	G	619	14	633	0.00001
Panacibacter	1874621	G	510	4	514	0.00001
Pseudocnuella	2812019	G	430	18	448	0.00001
Rhizosphaericola	3114547	G	385	6	391	0.00001
Mycovorax	3389990	G	344	35	379	0.00001
Thermoflavifilum	1649506	G	286	1	287	0.00000
Sediminibacterium	504481	G	155	5	160	0.00000
Phaeodactylibacter	1564515	G	1194	2	1196	0.00002
Haliscomenobacter	2349	G	262	0	262	0.00000
Aureispira	365032	G	859	5	864	0.00001
Saprospira	1007	G	206	0	206	0.00000
Lewinella	70994	G	199	0	199	0.00000
Neolewinella	2993541	G	32	0	32	0.00000
Candidatus Sulfidibacterium	2923290	G	956	0	956	0.00001
Chlorobium	1091	G	313	3	316	0.00000
Pelodictyon	1099	G	88	0	88	0.00000
Chlorobaculum	256319	G	223	0	223	0.00000
Prosthecochloris	1101	G	127	0	127	0.00000
Chloroherpeton	100715	G	75	0	75	0.00000
Gracilimonas	649462	G	516	3	519	0.00001
Cyclonatronum	2489367	G	107	24	131	0.00000
Ignavibacterium	795750	G	411	1	412	0.00001
Melioribacter	1134403	G	22	0	22	0.00000
Rhodocaloribacter	2893090	G	187	1	188	0.00000
Rhodothermus	29548	G	35	0	35	0.00000
Rubrivirga	1434037	G	68	0	68	0.00000
Salinibacter	146918	G	46	0	46	0.00000
Gemmatimonas	173479	G	209	0	209	0.00000
Gemmatirosa	1706036	G	57	1	58	0.00000
Pseudogemmatithrix	3237678	G	20	0	20	0.00000
Candidatus Palauibacter	3056650	G	74	0	74	0.00000
Gaopeijia	3381669	G	38	0	38	0.00000
Fibrobacter	832	G	294	38	332	0.00001
Candidatus Cloacimonas	456826	G	184	0	184	0.00000
Fidelibacter	3377528	G	36	0	36	0.00000
Aliarcobacter	2321111	G	4660	456	5116	0.00008
Arcobacter	28196	G	3810	478	4288	0.00007
Halarcobacter	2321115	G	1726	53	1779	0.00003
Malaciobacter	2321114	G	1390	91	1481	0.00002
Poseidonibacter	2321187	G	496	648	1144	0.00002
Candidatus Marinarcus	2321204	G	232	12	244	0.00000
Campylobacter	194	G	8519	232	8751	0.00013
Sulfurimonas	202746	G	2678	60	2738	0.00004
Sulfuricurvum	286130	G	204	2	206	0.00000
Sulfonitrofixus	3451668	G	79	0	79	0.00000
Hydrocurvibacter	3451669	G	31	0	31	0.00000
Thiomicrolovo	3451667	G	13	37	50	0.00000
Helicobacter	209	G	2902	215	3117	0.00005
Wolinella	843	G	64	0	64	0.00000
Sulfurospirillum	57665	G	1544	10	1554	0.00002
Sulfurovum	265570	G	582	58	640	0.00001
Nitratifractor	269260	G	27	5	32	0.00000
Hydrogenimonas	223785	G	259	21	280	0.00000
Nitratiruptor	269258	G	693	56	749	0.00001
Nitrosophilus	2795692	G	183	35	218	0.00000
Caminibacter	191301	G	293	2	295	0.00000
Nautilia	191291	G	210	1	211	0.00000
Treponema	157	G	4932	39	4971	0.00008
Brucepastera	2967962	G	115	0	115	0.00000
Borrelia	138	G	2084	49	2133	0.00003
Borreliella	64895	G	931	68	999	0.00002
Thiospirochaeta	2792240	G	575	0	575	0.00001
Entomospira	2834378	G	365	0	365	0.00001
Sediminispirochaeta	1911556	G	219	54	273	0.00000
Oceanispirochaeta	2035349	G	172	0	172	0.00000
Spirochaeta	146	G	37	0	37	0.00000
Salinispira	1616789	G	12	0	12	0.00000
Leadbettera	2951107	G	552	35	587	0.00001
Gracilinema	2951106	G	505	58	563	0.00001
Breznakiella	2845254	G	127	6	133	0.00000
Sphaerochaeta	399320	G	762	103	865	0.00001
Brachyspira	29521	G	2476	7	2483	0.00004
Leptospira	171	G	1875	0	1875	0.00003
Turneriella	338321	G	25	0	25	0.00000
Winmispira	3457169	G	152	0	152	0.00000
Thermospira	3024226	G	16	0	16	0.00000
Stieleria	2795973	G	585	11	596	0.00001
Rosistilla	2795779	G	476	5	481	0.00001
Bremerella	2714594	G	282	0	282	0.00000
Rhodopirellula	265488	G	250	3	253	0.00000
Aureliella	2795605	G	195	1	196	0.00000
Mariniblastus	2005380	G	118	0	118	0.00000
Roseimaritima	1579506	G	116	0	116	0.00000
Anatilimnocola	2807414	G	104	0	104	0.00000
Novipirellula	2795426	G	30	0	30	0.00000
Lignipirellula	2795775	G	19	0	19	0.00000
Pirellula	123	G	15	0	15	0.00000
Rubripirellula	1579505	G	12	0	12	0.00000
Blastopirellula	265487	G	11	0	11	0.00000
Lacipirellula	2691417	G	194	0	194	0.00000
Aeoliella	2795781	G	143	0	143	0.00000
Bythopirellula	1400386	G	32	0	32	0.00000
Pirellulimonas	2795783	G	24	0	24	0.00000
Gimesia	1649453	G	1278	9	1287	0.00002
Planctomicrobium	1779141	G	257	1	258	0.00000
Rubinisphaera	1649490	G	211	5	216	0.00000
Symmachiella	2795780	G	134	0	134	0.00000
Planctellipticum	3132181	G	100	0	100	0.00000
Crateriforma	2714592	G	75	40	115	0.00000
Maioricimonas	2795777	G	48	0	48	0.00000
Stratiformator	3076095	G	42	0	42	0.00000
Polystyrenella	2795774	G	34	0	34	0.00000
Planctomyces	118	G	32	0	32	0.00000
Alienimonas	2714737	G	24	0	24	0.00000
Planctopirus	1649480	G	20	0	20	0.00000
Schlesneria	656899	G	18	0	18	0.00000
Thalassoglobus	2795865	G	11	0	11	0.00000
Fuerstiella	1936111	G	10	0	10	0.00000
Singulisphaera	466152	G	1180	13	1193	0.00002
Aquisphaera	1511635	G	102	0	102	0.00000
Tautonia	2680020	G	96	0	96	0.00000
Tundrisphaera	2029859	G	40	0	40	0.00000
Paludisphaera	1763521	G	39	0	39	0.00000
Isosphaera	127	G	16	0	16	0.00000
Urbifossiella	2807415	G	237	0	237	0.00000
Gemmata	113	G	222	2	224	0.00000
Frigoriglobus	2774146	G	190	3	193	0.00000
Limnoglobus	2731450	G	71	0	71	0.00000
Tuwongella	2051044	G	11	0	11	0.00000
Telmatocola	1382832	G	10	0	10	0.00000
Engelhardtia	3405233	G	30	1	31	0.00000
Rohdeia	3405237	G	27	0	27	0.00000
Saltatorellus	3405235	G	22	1	23	0.00000
Kolteria	3405236	G	27	0	27	0.00000
Candidatus Uabimicrobium	2897349	G	1342	0	1342	0.00002
Sedimentisphaera	2483368	G	330	7	337	0.00001
Limihaloglobus	2690160	G	100	0	100	0.00000
Anaerohalosphaera	2690159	G	57	0	57	0.00000
Humisphaera	2807511	G	84	0	84	0.00000
Fontivita	2989683	G	20	0	20	0.00000
Poriferisphaera	2803301	G	64	0	64	0.00000
Phycisphaera	666508	G	23	3	26	0.00000
Candidatus Kuenenia	380738	G	46	0	46	0.00000
Akkermansia	239934	G	1507	0	1507	0.00002
Luteolibacter	518753	G	843	4	847	0.00001
Verrucomicrobium	2735	G	251	0	251	0.00000
Roseimicrobium	1348508	G	50	0	50	0.00000
Haloferula	574899	G	44	0	44	0.00000
Roseibacillus	518755	G	28	0	28	0.00000
Sulfuriroseicoccus	2911469	G	11	0	11	0.00000
Fontisphaera	3050007	G	13	0	13	0.00000
Termitidicoccus	3126963	G	154	0	154	0.00000
Actomonas	3138693	G	88	0	88	0.00000
Nibricoccus	2576890	G	69	2	71	0.00000
Lacunisphaera	1961799	G	47	0	47	0.00000
Horticoccus	2986286	G	24	0	24	0.00000
Opitutus	178440	G	23	0	23	0.00000
Ereboglobus	2028344	G	22	0	22	0.00000
Oleiharenicola	2100741	G	22	0	22	0.00000
Synoicihabitans	2892920	G	21	0	21	0.00000
Candidatus Pelagisphaera	3049269	G	161	2	163	0.00000
Coraliomargarita	442430	G	76	0	76	0.00000
Methylacidiphilum (ex Ratnadevi et al. 2023)	511745	G	110	0	110	0.00000
Chlamydia	810	G	1130	14	1144	0.00002
Parachlamydia	83551	G	169	2	171	0.00000
Candidatus Protochlamydia	282132	G	101	1	102	0.00000
Neochlamydia	112987	G	92	0	92	0.00000
Simkania	34093	G	75	0	75	0.00000
Candidatus Rhabdochlamydia	292833	G	50	7	57	0.00000
Tichowtungia	2907187	G	253	0	253	0.00000
Lentisphaera	256846	G	227	0	227	0.00000
Candidatus Velamenicoccus	2789201	G	65	0	65	0.00000
Desulfovibrio	872	G	1051	24	1075	0.00002
Maridesulfovibrio	2794998	G	995	13	1008	0.00002
Pseudodesulfovibrio	2035811	G	801	91	892	0.00001
Solidesulfovibrio	2910984	G	257	3	260	0.00000
Nitratidesulfovibrio	2802295	G	114	3	117	0.00000
Lawsonia	41707	G	79	0	79	0.00000
Salidesulfovibrio	2950010	G	78	4	82	0.00000
Megalodesulfovibrio	2910978	G	58	0	58	0.00000
Bilophila	35832	G	49	0	49	0.00000
Desulfolutivibrio	2773294	G	47	1	48	0.00000
Taurinivorans	3126915	G	43	1	44	0.00000
Halodesulfovibrio	1912771	G	31	0	31	0.00000
Desulfobaculum	1433996	G	26	1	27	0.00000
Oleidesulfovibrio	2909705	G	18	31	49	0.00000
Desulfomicrobium	898	G	106	1	107	0.00000
Trichlorobacter	115782	G	576	13	589	0.00001
Geotalea	2910589	G	276	3	279	0.00000
Geobacter	28231	G	251	8	259	0.00000
Geomonas	2651583	G	124	3	127	0.00000
Citrifermentans	2883512	G	38	1	39	0.00000
Desulfuromonas	890	G	582	16	598	0.00001
Syntrophotalea	2812025	G	445	4	449	0.00001
Geoalkalibacter	392332	G	57	47	104	0.00000
Desulfonema	45654	G	989	4	993	0.00002
Desulfococcus	896	G	90	6	96	0.00000
Desulfobacter	2289	G	324	1	325	0.00001
Desulforapulum	2904687	G	167	2	169	0.00000
Desulfosarcina	2299	G	232	6	238	0.00000
Desulfosudis	2904716	G	62	0	62	0.00000
Desulfoluna	497721	G	29	0	29	0.00000
Candidatus Electrothrix	1859128	G	329	0	329	0.00001
Desulfomarina	2894767	G	202	3	205	0.00000
Desulfobulbus	893	G	44	22	66	0.00000
Desulfopila	429014	G	285	2	287	0.00000
Desulfosediminicola	2886823	G	82	0	82	0.00000
Desulfofustis	51194	G	54	0	54	0.00000
Desulfotalea	109168	G	53	0	53	0.00000
Desulfocapsa	53318	G	26	0	26	0.00000
Thermodesulfobacterium	1740	G	198	1	199	0.00000
Caldimicrobium	444090	G	164	0	164	0.00000
Thermosulfurimonas	1522431	G	10	0	10	0.00000
Thermodesulfatator	241192	G	14	0	14	0.00000
Desulfobacca	60892	G	294	0	294	0.00000
Syntrophobacter	29526	G	69	27	96	0.00000
Candidatus Desulfofervidus	1902583	G	54	0	54	0.00000
Syntrophus	43773	G	29	0	29	0.00000
Desulfarculus	453229	G	13	12	25	0.00000
Sorangium	39643	G	1778	25	1803	0.00003
Chondromyces	50	G	159	0	159	0.00000
Polyangium	55	G	82	1	83	0.00000
Pajaroellobacter	1882917	G	34	0	34	0.00000
Sandaracinus	1055688	G	279	1	280	0.00000
Labilithrix	1524217	G	71	0	71	0.00000
Nannocystis	53	G	244	1	245	0.00000
Haliangium	162027	G	85	0	85	0.00000
Archangium	47	G	392	6	398	0.00001
Cystobacter	42	G	226	9	235	0.00000
Stigmatella	40	G	164	6	170	0.00000
Melittangium	44	G	127	4	131	0.00000
Myxococcus	32	G	423	12	435	0.00001
Corallococcus	83461	G	227	19	246	0.00000
Pseudomyxococcus	3434272	G	23	2	25	0.00000
Pyxidicoccus	224458	G	22	0	22	0.00000
Anaeromyxobacter	161492	G	177	1	178	0.00000
Vulgatibacter	1524214	G	10	0	10	0.00000
Pendulispora	3375062	G	229	0	229	0.00000
Bdellovibrio	958	G	1434	0	1434	0.00002
Pseudobdellovibrio	2862745	G	95	0	95	0.00000
Micavibrio	213485	G	36	0	36	0.00000
Peredibacter	263370	G	163	0	163	0.00000
Bacteriovorax	146784	G	85	17	102	0.00000
Halobacteriovorax	1652133	G	181	0	181	0.00000
Fluviispira	2698753	G	112	0	112	0.00000
Silvanigrella	2024975	G	102	2	104	0.00000
Pigmentibacter	2838409	G	79	1	80	0.00000
Spirobacillus	495819	G	105	0	105	0.00000
Terriglobus	392733	G	317	0	317	0.00000
Tunturiibacter	3154218	G	227	0	227	0.00000
Granulicella	940557	G	200	0	200	0.00000
Silvibacterium	1775468	G	140	0	140	0.00000
Telmatobacter	1078829	G	134	0	134	0.00000
Alloacidobacterium	2951993	G	113	0	113	0.00000
Edaphobacter	388463	G	87	0	87	0.00000
Chloracidobacterium	458032	G	65	0	65	0.00000
Acidobacterium	33973	G	56	0	56	0.00000
Occallatibacter	1742983	G	10	0	10	0.00000
Candidatus Korobacter	658061	G	14	0	14	0.00000
Paludibaculum	1649475	G	15	0	15	0.00000
Geothrix	44675	G	188	0	188	0.00000
Mesoterricola	3074468	G	166	0	166	0.00000
Thermotomaculum	1172428	G	311	0	311	0.00000
Sulfidibacter	2915177	G	32	0	32	0.00000
Luteitalea	2004797	G	131	0	131	0.00000
Hydrogenobacter	939	G	394	0	394	0.00001
Hydrogenobaculum	168657	G	54	0	54	0.00000
Thermocrinis	75905	G	47	0	47	0.00000
Pampinifervens	3453421	G	10	0	10	0.00000
Sulfurihydrogenibium	212790	G	201	0	201	0.00000
Persephonella	182899	G	45	0	45	0.00000
Desulfurobacterium	64159	G	127	2	129	0.00000
Dissulfurispira	2811506	G	325	0	325	0.00001
Thermodesulfovibrio	28261	G	169	0	169	0.00000
Nitrospira	1234	G	145	0	145	0.00000
Leptospirillum	179	G	83	0	83	0.00000
Candidatus Magnetomonas	3459270	G	26	0	26	0.00000
Mucispirillum	248038	G	206	0	206	0.00000
Calditerrivibrio	545865	G	189	0	189	0.00000
Deferribacter	53572	G	176	0	176	0.00000
Geovibrio	46200	G	120	0	120	0.00000
Denitrovibrio	117999	G	11	0	11	0.00000
Elusimicrobium	423604	G	400	0	400	0.00001
Candidatus Endomicrobiellum	3238959	G	13	0	13	0.00000
Caldithrix	187144	G	323	0	323	0.00000
Thermodesulfobium	227388	G	286	0	286	0.00000
Desulfurispirillum	393029	G	259	0	259	0.00000
Dictyoglomus	13	G	158	0	158	0.00000
Thermatribacter	3240450	G	44	0	44	0.00000
Candidatus Caldatribacterium	1454725	G	41	0	41	0.00000
Atribacter	2847777	G	36	0	36	0.00000
Thermomicrobium	499	G	35	0	35	0.00000
Sphaerobacter	2056	G	18	0	18	0.00000
Caldisericum	693074	G	47	0	47	0.00000
Coprothermobacter	68335	G	44	0	44	0.00000
Nitrospina	35800	G	31	0	31	0.00000
Thermosulfidibacter	412592	G	25	0	25	0.00000
Allocoprobacillus	3059504	G	138635	9337	147972	0.00228
Amedibacillus	2749846	G	108494	36838	145332	0.00224
Amedibacterium	2749267	G	47394	10636	58030	0.00089
Longicatena	1918536	G	41816	14208	56024	0.00086
Erysipelothrix	1647	G	18440	183	18623	0.00029
Massilimicrobiota	1924110	G	12136	64312	76448	0.00118
Intestinibaculum	2679910	G	6136	79	6215	0.00010
Solobacterium	123375	G	3826	1118	4944	0.00008
Bulleidia	118747	G	2272	146	2418	0.00004
Allobaculum	174708	G	968	13	981	0.00002
Holdemania	61170	G	732	104	836	0.00001
Faecalibaculum	1729679	G	644	38	682	0.00001
Thomasclavelia	3025755	G	156948	12919	169867	0.00261
Faecalibacillus	2678885	G	52916	13276	66192	0.00102
Tannockella	2943184	G	40510	1060	41570	0.00064
Catenibacterium	135858	G	32657	1869	34526	0.00053
Turicibacter	191303	G	9095	166	9261	0.00014
Bacillus	1386	G	42248	5149	47397	0.00073
Lysinibacillus	400634	G	13693	1131	14824	0.00023
Neobacillus	2675232	G	12042	1191	13233	0.00020
Oceanobacillus	182709	G	8120	583	8703	0.00013
Niallia	2837506	G	7423	657	8080	0.00012
Peribacillus	2675229	G	6653	492	7145	0.00011
Virgibacillus	84406	G	5810	148	5958	0.00009
Priestia	2800373	G	5377	586	5963	0.00009
Psychrobacillus	1221880	G	4842	383	5225	0.00008
Metabacillus	2675233	G	4503	502	5005	0.00008
Cytobacillus	2675230	G	4419	2204	6623	0.00010
Sutcliffiella	2837511	G	3248	293	3541	0.00005
Heyndrickxia	2837504	G	2926	489	3415	0.00005
Halobacillus	45667	G	2436	2078	4514	0.00007
Pontibacillus	289201	G	2303	42	2345	0.00004
Mesobacillus	2675231	G	2160	194	2354	0.00004
Amphibacillus	29331	G	2109	216	2325	0.00004
Alkalihalobacillus	2675234	G	2033	149	2182	0.00003
Gracilibacillus	74385	G	1744	79	1823	0.00003
Rossellomorea	2837508	G	1735	129	1864	0.00003
Terribacillus	459532	G	1503	58	1561	0.00002
Aeribacillus	1055323	G	1494	3267	4761	0.00007
Ornithinibacillus	484508	G	1420	208	1628	0.00003
Caldifermentibacillus	3034001	G	1190	6536	7726	0.00012
Shouchella	2893057	G	1064	83	1147	0.00002
Anaerobacillus	704093	G	1009	89	1098	0.00002
Salipaludibacillus	1884449	G	978	32	1010	0.00002
Tepidibacillus	1494427	G	860	45	905	0.00001
Gottfriedia	2837503	G	857	51	908	0.00001
Paraperibacillus	3450404	G	777	41	818	0.00001
Alkalihalophilus	2893060	G	774	88	862	0.00001
Robertmurraya	2837507	G	745	88	833	0.00001
Salicibibacter	2685905	G	650	0	650	0.00001
Halalkalibacter	2893056	G	610	127	737	0.00001
Ectobacillus	2837502	G	548	34	582	0.00001
Paraliobacillus	200903	G	543	20	563	0.00001
Fervidibacillus	3033930	G	539	35	574	0.00001
Lederbergia	2804231	G	521	19	540	0.00001
Pradoshia	2651279	G	487	30	517	0.00001
Radiobacillus	2785518	G	485	31	516	0.00001
Lentibacillus	175304	G	436	14	450	0.00001
Evansella	2837485	G	396	18	414	0.00001
Siminovitchia	2837510	G	390	35	425	0.00001
Salimicrobium	351195	G	384	21	405	0.00001
Paenalkalicoccus	2944627	G	348	141	489	0.00001
Domibacillus	1433999	G	335	33	368	0.00001
Falsibacillus	1270155	G	315	21	336	0.00001
Mangrovibacillus	2920444	G	312	28	340	0.00001
Pseudobacillus	108525	G	301	89	390	0.00001
Sediminibacillus	482460	G	293	16	309	0.00000
Aciduricibacillus	3158337	G	216	12	228	0.00000
Alkalicoccus	2005375	G	207	5	212	0.00000
Halalkalibacterium (ex Joshi et al. 2022)	2893055	G	205	21	226	0.00000
Salisediminibacterium	1434042	G	182	7	189	0.00000
Allobacillus	1400133	G	134	5	139	0.00000
Caldalkalibacillus	379065	G	97	39	136	0.00000
Alkalibacillus	331654	G	43	0	43	0.00000
Paenibacillus	44249	G	74172	1967	76139	0.00117
Brevibacillus	55080	G	4212	137	4349	0.00007
Aneurinibacillus	55079	G	1004	18	1022	0.00002
Cohnella	329857	G	911	15	926	0.00001
Saccharibacillus	456492	G	362	7	369	0.00001
Thermobacillus	76632	G	349	9	358	0.00001
Pristimantibacillus (SeqCode)	2994560	G	283	12	295	0.00000
Staphylococcus	1279	G	31241	5806	37047	0.00057
Mammaliicoccus	2803850	G	6221	758	6979	0.00011
Macrococcus	69965	G	3118	696	3814	0.00006
Macrococcoides	3076173	G	911	429	1340	0.00002
Nosocomiicoccus	489909	G	667	63	730	0.00001
Jeotgalicoccus	227979	G	610	61	671	0.00001
Salinicoccus	45669	G	190	15	205	0.00000
Sporosarcina	1569	G	6218	509	6727	0.00010
Planococcus	1372	G	3119	203	3322	0.00005
Ureibacillus	160795	G	2562	1521	4083	0.00006
Solibacillus	648800	G	2231	349	2580	0.00004
Kurthia	1649	G	1478	195	1673	0.00003
Rummeliibacillus	648802	G	1466	211	1677	0.00003
Paenisporosarcina	651660	G	825	122	947	0.00001
Metasolibacillus	2703677	G	436	92	528	0.00001
Viridibacillus	496496	G	378	47	425	0.00001
Jeotgalibacillus	157226	G	272	36	308	0.00000
Chryseomicrobium	889388	G	174	35	209	0.00000
Listeria	1637	G	8522	1620	10142	0.00016
Brochothrix	2755	G	1334	220	1554	0.00002
Parageobacillus	1906945	G	1880	709	2589	0.00004
Anoxybacillus	150247	G	1069	317	1386	0.00002
Geobacillus	129337	G	624	616	1240	0.00002
Anoxybacteroides	3389905	G	153	9	162	0.00000
Thermaerobacillus	3390020	G	121	17	138	0.00000
Saccharococcus	29395	G	72	19	91	0.00000
Gemella	1378	G	3715	260	3975	0.00006
Alicyclobacillus	29330	G	962	2	964	0.00001
Tumebacillus	432330	G	632	12	644	0.00001
Fodinisporobacter	3156481	G	182	2	184	0.00000
Effusibacillus	1502725	G	61	1	62	0.00000
Fictibacillus	1329200	G	1511	214	1725	0.00003
Pseudalkalibacillus	2893058	G	174	18	192	0.00000
Exiguobacterium	33986	G	1554	158	1712	0.00003
Guptibacillus	3421338	G	1434	377	1811	0.00003
Sporolactobacillus	2077	G	573	11	584	0.00001
Pullulanibacillus	475230	G	87	4	91	0.00000
Abyssicoccus	1955413	G	584	275	859	0.00001
Laceyella	292635	G	334	7	341	0.00001
Kroppenstedtia	1274351	G	61	0	61	0.00000
Polycladomyces	1348505	G	50	0	50	0.00000
Novibacillus	1677050	G	14	1	15	0.00000
Thermoactinomyces	2023	G	10	0	10	0.00000
Enterococcus	1350	G	61329	19700	81029	0.00125
Vagococcus	2737	G	10696	1495	12191	0.00019
Tetragenococcus	51668	G	2708	526	3234	0.00005
Melissococcus	33969	G	486	7	493	0.00001
Lactobacillus	1578	G	14819	948	15767	0.00024
Companilactobacillus	2767879	G	6631	390	7021	0.00011
Leuconostoc	1243	G	4401	443	4844	0.00007
Ligilactobacillus	2767887	G	3726	297	4023	0.00006
Pediococcus	1253	G	3150	991	4141	0.00006
Lactiplantibacillus	2767842	G	2666	657	3323	0.00005
Fructilactobacillus	2767881	G	2653	138	2791	0.00004
Limosilactobacillus	2742598	G	2634	347	2981	0.00005
Weissella	46255	G	2621	180	2801	0.00004
Liquorilactobacillus	2767888	G	2358	569	2927	0.00005
Apilactobacillus	2767877	G	1614	26	1640	0.00003
Bombilactobacillus	2767878	G	1533	15	1548	0.00002
Latilactobacillus	2767885	G	1500	191	1691	0.00003
Lentilactobacillus	2767893	G	1427	202	1629	0.00003
Lacticaseibacillus	2759736	G	1208	158	1366	0.00002
Paucilactobacillus	2767890	G	1000	159	1159	0.00002
Levilactobacillus	2767886	G	884	177	1061	0.00002
Xylocopilactobacillus	3118928	G	764	1	765	0.00001
Oenococcus	46254	G	682	21	703	0.00001
Loigolactobacillus	2767889	G	658	261	919	0.00001
Lapidilactobacillus	2767884	G	531	22	553	0.00001
Dellaglioa	2767880	G	417	100	517	0.00001
Furfurilactobacillus	2767882	G	373	99	472	0.00001
Periweissella	2930384	G	353	2	355	0.00001
Secundilactobacillus	2767892	G	279	86	365	0.00001
Amylolactobacillus	2767876	G	275	95	370	0.00001
Acetilactobacillus	2767874	G	226	0	226	0.00000
Nicoliella	2978367	G	109	1	110	0.00000
Agrilactobacillus	2767875	G	71	2	73	0.00000
Fructobacillus	559173	G	27	0	27	0.00000
Schleiferilactobacillus	2767891	G	12	0	12	0.00000
Streptococcus	1301	G	38350	2605	40955	0.00063
Lactococcus	1357	G	20625	7763	28388	0.00044
Floricoccus	1930830	G	2393	49	2442	0.00004
Pseudolactococcus	3436058	G	1610	141	1751	0.00003
Carnobacterium	2747	G	4577	460	5037	0.00008
Jeotgalibaca	1470540	G	3176	312	3488	0.00005
Granulicatella	117563	G	1472	340	1812	0.00003
Trichococcus	82802	G	1135	75	1210	0.00002
Alkalibacterium	99906	G	861	16	877	0.00001
Alloiococcus	1651	G	578	6	584	0.00001
Dolosigranulum	29393	G	549	16	565	0.00001
Marinilactibacillus	191769	G	345	85	430	0.00001
Desemzia	82800	G	255	107	362	0.00001
Tuanshanicoccus	3465067	G	1339	68	1407	0.00002
Aerococcus	1375	G	1184	212	1396	0.00002
Globicatella	13075	G	1059	61	1120	0.00002
Ruoffia	2862144	G	959	270	1229	0.00002
Fundicoccus	2761542	G	853	62	915	0.00001
Ignavigranum	89092	G	555	27	582	0.00001
Facklamia	66831	G	447	70	517	0.00001
Suicoccus	2689587	G	255	40	295	0.00000
Abiotrophia	46123	G	79	1	80	0.00000
Clostridium	1485	G	165484	62236	227720	0.00350
Haloimpatiens	1755832	G	3157	422	3579	0.00006
Crassaminicella	1848399	G	3043	76	3119	0.00005
Wukongibacter	1884926	G	1737	12	1749	0.00003
Sarcina	1266	G	1271	70	1341	0.00002
Caloramator	44258	G	1187	36	1223	0.00002
Lactonifactor	420345	G	954	119	1073	0.00002
Oceanirhabdus	1434026	G	934	8	942	0.00001
Hathewaya	1769729	G	512	23	535	0.00001
Candidatus Neoarthromitus	49082	G	511	1	512	0.00001
Proteiniclasticum	1155385	G	211	9	220	0.00000
Ruminococcus	1263	G	3611	1015	4626	0.00007
Paludihabitans	2038676	G	2220	11	2231	0.00003
Ruminiclostridium	1508657	G	1817	214	2031	0.00003
Caproicibacterium	2834348	G	1078	251	1329	0.00002
Faecalibacterium	216851	G	978	238	1216	0.00002
Acetivibrio	35829	G	784	132	916	0.00001
Anaerotruncus	244127	G	728	257	985	0.00002
Petroclostridium	2304687	G	695	10	705	0.00001
Owariibacterium	3393728	G	413	134	547	0.00001
Amygdalobacter	3079925	G	360	20	380	0.00001
Ruthenibacterium	1905344	G	206	24	230	0.00000
Flavonifractor	946234	G	197	28	225	0.00000
Thermocaproicibacter	3048127	G	189	11	200	0.00000
Thermoclostridium	2304691	G	187	38	225	0.00000
Bengtsoniella	3389389	G	129	1	130	0.00000
Pusillibacter	2892397	G	121	27	148	0.00000
Mageeibacillus	1637257	G	112	12	124	0.00000
Solibaculum	2842531	G	84	28	112	0.00000
Ethanoligenens	253238	G	80	7	87	0.00000
Fastidiosipila	236752	G	54	6	60	0.00000
Oscillibacter	459786	G	43	23	66	0.00000
Subdoligranulum	292632	G	24	3	27	0.00000
Pseudoflavonifractor	1017280	G	20	2	22	0.00000
Lawsonibacter	2172004	G	17	2	19	0.00000
Vescimonas	2892396	G	15	5	20	0.00000
Eubacterium	1730	G	3720	884	4604	0.00007
Acetobacterium	33951	G	1621	9	1630	0.00003
Anaerofustis	264995	G	337	17	354	0.00001
Alkalibacter	274470	G	88	0	88	0.00000
Desulfitobacterium	36853	G	1887	45	1932	0.00003
Desulfosporosinus	79206	G	1330	10	1340	0.00002
Dehalobacter	56112	G	902	158	1060	0.00002
Syntrophobotulus	51196	G	67	0	67	0.00000
Fenollaria	1686313	G	803	81	884	0.00001
Fusibacter	76008	G	738	3	741	0.00001
Proteiniborus	415014	G	733	57	790	0.00001
Intestinimonas	1392389	G	298	24	322	0.00000
Thermaerobacter	73918	G	145	0	145	0.00000
Sulfobacillus	28033	G	135	0	135	0.00000
Flintibacter	1918454	G	185	14	199	0.00000
Levyella	1715798	G	77	3	80	0.00000
Carboxydocella	178898	G	36	0	36	0.00000
Acididesulfobacillus	2924872	G	1004	6	1010	0.00002
Desulforamulus	2916693	G	264	10	274	0.00000
Dehalobacterium	51514	G	253	37	290	0.00000
Desulfofundulus	2282741	G	208	0	208	0.00000
Thermanaerosceptrum	2651578	G	145	1	146	0.00000
Candidatus Formimonas	2840454	G	100	0	100	0.00000
Desulfofarcimen	2282742	G	99	0	99	0.00000
Phosphitispora	2903061	G	12	1	13	0.00000
Caproiciproducens	1738645	G	755	75	830	0.00001
Caproicibacter	2576755	G	362	89	451	0.00001
Acutalibacter	1918385	G	62	2	64	0.00000
Alkalicella	2838170	G	838	2	840	0.00001
Proteinivorax	1491776	G	379	0	379	0.00001
Candidatus Syntrophocurvum	2293313	G	452	2	454	0.00001
Syntrophomonas	862	G	206	2	208	0.00000
Desulfoscipio	2867376	G	629	3	632	0.00001
Butyricicoccus	580596	G	218	39	257	0.00000
Agathobaculum	2048137	G	130	39	169	0.00000
Aristaeella	3046369	G	143	0	143	0.00000
Heliorestis	79598	G	138	0	138	0.00000
Blautia	572511	G	17757	5451	23208	0.00036
Anaerocolumna	1843210	G	8420	20	8440	0.00013
Mediterraneibacter	2316020	G	6753	2286	9039	0.00014
Lacrimispora	2719231	G	6481	76	6557	0.00010
Anaerostipes	207244	G	6052	797	6849	0.00011
Lachnoclostridium	1506553	G	5264	430	5694	0.00009
Roseburia	841	G	5261	840	6101	0.00009
Dorea	189330	G	3929	1511	5440	0.00008
Claveliimonas	3076670	G	3076	289	3365	0.00005
Butyrivibrio	830	G	2565	14	2579	0.00004
Anaeromicropila	3024823	G	2451	14	2465	0.00004
Sellimonas	1769710	G	2258	416	2674	0.00004
Enterocloster	2719313	G	1921	285	2206	0.00003
Anaerobutyricum	2569097	G	1672	365	2037	0.00003
Hungatella	1649459	G	1570	276	1846	0.00003
Tyzzerella	1506577	G	1564	50	1614	0.00002
Eisenbergiella	1432051	G	1553	315	1868	0.00003
Faecalimonas	2005355	G	1552	616	2168	0.00003
Chakrabartyella	3088373	G	1455	75	1530	0.00002
Kineothrix	2163168	G	1221	12	1233	0.00002
Lachnoanaerobaculum	1164882	G	1137	20	1157	0.00002
Coprococcus	33042	G	1113	413	1526	0.00002
Otoolea	2941495	G	1099	150	1249	0.00002
Novisyntrophococcus	2888809	G	1078	65	1143	0.00002
Herbinix	1663717	G	1031	268	1299	0.00002
Marvinbryantia	248744	G	627	35	662	0.00001
Agathobacter	1766253	G	609	245	854	0.00001
Candidatus Epulonipiscium	2383	G	557	19	576	0.00001
Eshraghiella	3342669	G	553	129	682	0.00001
Wansuia	2944198	G	531	28	559	0.00001
Qiania	2944195	G	404	39	443	0.00001
Hominifimenecus	3073585	G	355	0	355	0.00001
Wujia	2944152	G	354	106	460	0.00001
Lachnospira	28050	G	325	24	349	0.00001
Anaeropeptidivorans	2997360	G	196	1	197	0.00000
Simiaoa	2944193	G	178	49	227	0.00000
Pseudobutyrivibrio	46205	G	170	2	172	0.00000
Sporofaciens	2811390	G	37	0	37	0.00000
Chordicoccus	3031933	G	33	1	34	0.00000
Stomatobaculum	1213720	G	26	0	26	0.00000
Cellulosilyticum	698776	G	2468	23	2491	0.00004
Vallitalea	1348611	G	2044	14	2058	0.00003
Petrocella	2603323	G	332	10	342	0.00001
Anaerotignum	2039240	G	1064	282	1346	0.00002
Defluviitalea	1185408	G	557	192	749	0.00001
Clostridioides	1870884	G	9004	671	9675	0.00015
Terrisporobacter	1505652	G	7057	292	7349	0.00011
Romboutsia	1501226	G	6012	697	6709	0.00010
Paraclostridium	1849822	G	5166	278	5444	0.00008
Peptacetobacter	2743582	G	2476	144	2620	0.00004
Tepidibacter	214904	G	1568	19	1587	0.00002
Intestinibacter	1505657	G	1254	136	1390	0.00002
Peptostreptococcus	1257	G	648	42	690	0.00001
Aminipila	2060094	G	1590	57	1647	0.00003
Emergencia	1926556	G	1310	64	1374	0.00002
Sinanaerobacter	2886866	G	879	13	892	0.00001
Ihubacter	1926667	G	833	36	869	0.00001
Mogibacterium	86331	G	420	10	430	0.00001
Anoxybacterium	3408579	G	293	1	294	0.00000
Alkaliphilus	114627	G	2807	25	2832	0.00004
Serpentinicella	1890059	G	562	2	564	0.00001
Acetoanaerobium	186831	G	1164	5	1169	0.00002
Filifactor	44259	G	460	75	535	0.00001
Caminicella	166484	G	506	9	515	0.00001
Geosporobacter	390805	G	503	10	513	0.00001
Peptoclostridium	1481960	G	186	3	189	0.00000
Halanaerobium	2330	G	1487	0	1487	0.00002
Iocasia	2899804	G	183	287	470	0.00001
Halocella	46466	G	52	78	130	0.00000
Halobacteroides	42417	G	1145	1	1146	0.00002
Natroniella	52003	G	598	0	598	0.00001
Acetohalobium	28186	G	161	0	161	0.00000
Anoxybacter	1769008	G	134	0	134	0.00000
Halothermothrix	32636	G	36	0	36	0.00000
Thermoanaerobacterium	28895	G	1664	47	1711	0.00003
Thermoanaerobacter	1754	G	844	3	847	0.00001
Aceticella	3051499	G	424	1	425	0.00001
Caldanaerobacter	249529	G	151	0	151	0.00000
Carboxydothermus	129957	G	98	0	98	0.00000
Thermacetogenium	140458	G	24	2	26	0.00000
Mahella	252965	G	93	4	97	0.00000
Candidatus Desulforudis	471826	G	36	0	36	0.00000
Neomoorella	44260	G	595	0	595	0.00001
Thermanaeromonas	202949	G	90	0	90	0.00000
Zhaonella	2748674	G	369	2	371	0.00001
Metallumcola	3234175	G	26	0	26	0.00000
Biomaibacter	2770094	G	508	0	508	0.00001
Tepidanaerobacter	499228	G	232	1	233	0.00000
Thermosediminibacter	291988	G	57	0	57	0.00000
Helicovermis	3136917	G	716	1	717	0.00001
Natranaerobius	375928	G	270	0	270	0.00000
Natranaerofaba	2807497	G	247	0	247	0.00000
Christensenella	990721	G	412	27	439	0.00001
Monoglobus	2039302	G	279	53	332	0.00001
Koleobacter	2786989	G	14	0	14	0.00000
Anaerococcus	165779	G	3070	101	3171	0.00005
Parvimonas	543311	G	2747	242	2989	0.00005
Helcococcus	31983	G	2068	137	2205	0.00003
Peptoniphilus	162289	G	1632	169	1801	0.00003
Miniphocaeibacter	2126548	G	917	0	917	0.00001
Finegoldia	150022	G	558	66	624	0.00001
Microaceticoccus	3421489	G	533	1	534	0.00001
Aedoeadaptatus	2981628	G	159	2	161	0.00000
Tissierella	41273	G	2912	34	2946	0.00005
Gudongella	2692382	G	55	0	55	0.00000
Keratinibaculum	1354809	G	651	48	699	0.00001
Schnuerera	2794837	G	358	37	395	0.00001
Gottschalkia	1505664	G	613	9	622	0.00001
Sporanaerobacter	165812	G	543	62	605	0.00001
Acidilutibacter	2992720	G	429	24	453	0.00001
Caloranaerobacter	171003	G	46	0	46	0.00000
Sedimentibacter	190972	G	3014	7	3021	0.00005
Ezakiella	1582879	G	763	161	924	0.00001
Sporomusa	2375	G	3629	31	3660	0.00006
Pelosinus	365348	G	2133	13	2146	0.00003
Methylomusa	2093783	G	218	0	218	0.00000
Megamonas	158846	G	3138	29	3167	0.00005
Selenomonas	970	G	913	3	916	0.00001
Selenobaculum	3074372	G	904	11	915	0.00001
Pectinatus	864	G	285	4	289	0.00000
Mitsuokella	52225	G	23	0	23	0.00000
Veillonella	29465	G	1299	6	1305	0.00002
Megasphaera	906	G	1026	38	1064	0.00002
Dialister	39948	G	341	15	356	0.00001
Colibacter	1980675	G	50	0	50	0.00000
Phascolarctobacterium	33024	G	795	62	857	0.00001
Acidaminococcus	904	G	99	3	102	0.00000
Caldicellulosiruptor	44000	G	1740	18	1758	0.00003
Anaerocellum	32631	G	31	196	227	0.00000
Ndongobacter	1930845	G	177	27	204	0.00000
Candidatus Contubernalis	338648	G	71	0	71	0.00000
Carboxydichorda	3366853	G	17	0	17	0.00000
Geochorda	3366854	G	12	0	12	0.00000
Limnochorda	1676651	G	19	0	19	0.00000
Corynebacterium	1716	G	166074	19881	185955	0.00286
Rhodococcus	1827	G	121902	4986	126888	0.00195
Nocardia	1817	G	5081	101	5182	0.00008
Prescottella	2979332	G	703	40	743	0.00001
Rhodococcoides	3259750	G	204	30	234	0.00000
Williamsia	85043	G	65	1	66	0.00000
Mycolicibacterium	1866885	G	4383	673	5056	0.00008
Mycobacterium	1763	G	3623	243	3866	0.00006
Mycobacteroides	670516	G	503	75	578	0.00001
Mycolicibacter	1073531	G	258	42	300	0.00000
Mycolicibacillus	2126281	G	90	12	102	0.00000
Gordonia	2053	G	3045	154	3199	0.00005
Skermania	59613	G	60	2	62	0.00000
Dietzia	37914	G	1352	107	1459	0.00002
Tsukamurella	2060	G	381	12	393	0.00001
Tomitella	741759	G	102	2	104	0.00000
Hoyosella	697025	G	16	0	16	0.00000
Segniliparus	286801	G	11	0	11	0.00000
Microbacterium	33882	G	81908	9658	91566	0.00141
Leucobacter	55968	G	10246	1432	11678	0.00018
Agromyces	33877	G	2953	365	3318	0.00005
Curtobacterium	2034	G	2894	244	3138	0.00005
Leifsonia	110932	G	2465	238	2703	0.00004
Clavibacter	1573	G	1066	146	1212	0.00002
Rathayibacter	33886	G	1058	82	1140	0.00002
Cryobacterium	69578	G	1009	54	1063	0.00002
Agrococcus	46352	G	956	114	1070	0.00002
Salinibacterium	235888	G	817	60	877	0.00001
Microcella	337004	G	802	116	918	0.00001
Herbiconiux	881616	G	778	54	832	0.00001
Mycetocola	76634	G	557	33	590	0.00001
Gulosibacter	256818	G	476	104	580	0.00001
Plantibacter	190323	G	460	25	485	0.00001
Frondihabitans	447237	G	444	27	471	0.00001
Protaetiibacter	2680004	G	421	66	487	0.00001
Rhodoluna	529883	G	233	4	237	0.00000
Aquiluna	529881	G	146	3	149	0.00000
Paramicrobacterium	3110364	G	376	32	408	0.00001
Frigoribacterium	96492	G	329	35	364	0.00001
Microterricola	518733	G	250	29	279	0.00000
Subtercola	120212	G	227	5	232	0.00000
Gryllotalpicola	1195526	G	187	15	202	0.00000
Cnuibacter	1759331	G	183	25	208	0.00000
Aurantimicrobium	1705353	G	181	3	184	0.00000
Humibacter	427753	G	175	34	209	0.00000
Okibacterium	196084	G	160	25	185	0.00000
Humidisolicoccus	3425211	G	154	7	161	0.00000
Diaminobutyricimonas	1433997	G	145	12	157	0.00000
Homoserinimonas	1434009	G	127	10	137	0.00000
Glaciihabitans	1649454	G	126	3	129	0.00000
Orlajensenia	3440766	G	122	10	132	0.00000
Lysinibacter	1857011	G	122	2	124	0.00000
Homoserinibacter	1649457	G	113	16	129	0.00000
Marisediminicola	1230698	G	91	4	95	0.00000
Antiquaquibacter	3108736	G	87	3	90	0.00000
Agreia	110934	G	86	5	91	0.00000
Ruicaihuangia	3137419	G	85	6	91	0.00000
Naasia	1434022	G	66	5	71	0.00000
Oerskovia	162491	G	25959	2716	28675	0.00044
Cellulomonas	1707	G	8518	664	9182	0.00014
Paraoerskovia	665568	G	699	50	749	0.00001
Actinotalea	458839	G	403	41	444	0.00001
Pseudactinotalea	1926259	G	187	4	191	0.00000
Arthrobacter	1663	G	7729	1524	9253	0.00014
Pseudarthrobacter	1742993	G	1872	500	2372	0.00004
Glutamicibacter	1742989	G	1349	250	1599	0.00002
Kocuria	57493	G	1286	211	1497	0.00002
Rothia	32207	G	1103	127	1230	0.00002
Sinomonas	596707	G	960	26	986	0.00002
Micrococcus	1269	G	922	194	1116	0.00002
Paenarthrobacter	1742992	G	814	387	1201	0.00002
Citricoccus	169133	G	582	121	703	0.00001
Auritidibacter	1160973	G	323	6	329	0.00001
Crystallibacter	3456524	G	173	16	189	0.00000
Zhihengliuella	370735	G	159	285	444	0.00001
Neomicrococcus	1868332	G	138	10	148	0.00000
Paeniglutamicibacter	1742990	G	125	8	133	0.00000
Pseudoglutamicibacter	1742991	G	116	75	191	0.00000
Nesterenkonia	57494	G	92	0	92	0.00000
Psychromicrobium	2078575	G	84	1	85	0.00000
Renibacterium	1645	G	52	1	53	0.00000
Cellulosimicrobium	157920	G	9476	1378	10854	0.00017
Isoptericola	254250	G	1127	158	1285	0.00002
Xylanimonas	186188	G	1080	92	1172	0.00002
Promicromonospora	43676	G	759	31	790	0.00001
Brachybacterium	43668	G	4055	215	4270	0.00007
Dermabacter	36739	G	168	44	212	0.00000
Helcobacillus	1161125	G	117	12	129	0.00000
Devriesea	472568	G	116	1	117	0.00000
Brevibacterium	1696	G	3234	472	3706	0.00006
Saxibacter	3162691	G	123	1	124	0.00000
Janibacter	53457	G	913	104	1017	0.00002
Arsenicicoccus	267408	G	332	31	363	0.00001
Phycicoccus	367298	G	247	64	311	0.00000
Pedococcus	2805645	G	215	20	235	0.00000
Knoellia	136099	G	203	13	216	0.00000
Oryzobacter	1849973	G	190	28	218	0.00000
Terrabacter	53355	G	175	21	196	0.00000
Intrasporangium	53357	G	124	7	131	0.00000
Nostocoides	99479	G	98	8	106	0.00000
Humibacillus	556178	G	97	9	106	0.00000
Sanguibacter	60919	G	1937	135	2072	0.00003
Pengzhenrongella	2888818	G	1051	69	1120	0.00002
Luteimicrobium	754249	G	392	40	432	0.00001
Timonella	1465824	G	88	5	93	0.00000
Ornithinimicrobium	125287	G	826	58	884	0.00001
Serinicoccus	265976	G	275	33	308	0.00000
Ruania	626119	G	774	26	800	0.00001
Occultella	2828348	G	297	25	322	0.00000
Demequina	577469	G	916	56	972	0.00001
Beutenbergia	84756	G	454	18	472	0.00001
Miniimonas	947525	G	286	148	434	0.00001
Dermacoccus	57495	G	246	39	285	0.00000
Allobranchiibius	2040262	G	134	5	139	0.00000
Barrientosiimonas	1535207	G	113	25	138	0.00000
Yimella	908935	G	102	4	106	0.00000
Luteipulveratus	745364	G	48	1	49	0.00000
Dermatophilus	1862	G	332	7	339	0.00001
Gephyromycinifex	2885697	G	74	1	75	0.00000
Austwickia	1184606	G	70	1	71	0.00000
Kytococcus	57499	G	235	39	274	0.00000
Jonesia	43673	G	117	8	125	0.00000
Streptomyces	1883	G	47790	1999	49789	0.00077
Kitasatospora	2063	G	2138	310	2448	0.00004
Embleya	2699295	G	279	7	286	0.00000
Actinacidiphila	2995702	G	254	34	288	0.00000
Streptacidiphilus	228398	G	141	12	153	0.00000
Peterkaempfera	2995704	G	139	10	149	0.00000
Yinghuangia	2805681	G	106	3	109	0.00000
Streptantibioticus	2995706	G	59	6	65	0.00000
Carbonactinospora	2864378	G	54	1	55	0.00000
Nocardioides	1839	G	4886	304	5190	0.00008
Aeromicrobium	2040	G	744	37	781	0.00001
Pimelobacter	2044	G	408	76	484	0.00001
Mumia	1546255	G	169	7	176	0.00000
Solicola	3024237	G	143	3	146	0.00000
Friedmanniella	53387	G	116	11	127	0.00000
Micropruina	116071	G	50	11	61	0.00000
Tessaracoccus	72763	G	711	79	790	0.00001
Acidipropionibacterium	1912215	G	540	69	609	0.00001
Microlunatus	29404	G	430	20	450	0.00001
Propioniciclava	1085622	G	334	89	423	0.00001
Cutibacterium	1912216	G	239	16	255	0.00000
Raineyella	1911549	G	211	21	232	0.00000
Arachnia	2801844	G	195	3	198	0.00000
Propionibacterium	1743	G	165	120	285	0.00000
Auraticoccus	1278221	G	126	9	135	0.00000
Naumannella	1294511	G	118	13	131	0.00000
Propionimicrobium	203133	G	100	3	103	0.00000
Ammonicoccus	3417658	G	87	25	112	0.00000
Brooklawnia	369926	G	56	8	64	0.00000
Luteococcus	33983	G	51	1	52	0.00000
Vaginimicrobium	2919589	G	23	3	26	0.00000
Kribbella	182639	G	1693	70	1763	0.00003
Actinopolymorpha	117156	G	42	1	43	0.00000
Micromonospora	1873	G	5095	306	5401	0.00008
Actinoplanes	1865	G	2122	79	2201	0.00003
Dactylosporangium	35753	G	1928	51	1979	0.00003
Plantactinospora	673534	G	333	14	347	0.00001
Solwaraspora	265431	G	252	14	266	0.00000
Actinocatenispora	390988	G	157	3	160	0.00000
Couchioplanes	56433	G	113	12	125	0.00000
Phytohabitans	907364	G	82	3	85	0.00000
Catellatospora	53365	G	79	4	83	0.00000
Polymorphospora	338583	G	77	5	82	0.00000
Natronosporangium	2920401	G	55	0	55	0.00000
Longispora	203522	G	51	1	52	0.00000
Salinispora	168694	G	41	2	43	0.00000
Krasilnikovia	349312	G	22	1	23	0.00000
Paractinoplanes	3240234	G	11	0	11	0.00000
Amycolatopsis	1813	G	2890	126	3016	0.00005
Pseudonocardia	1847	G	1121	53	1174	0.00002
Saccharopolyspora	1835	G	604	39	643	0.00001
Lentzea	165301	G	514	28	542	0.00001
Saccharomonospora	1851	G	401	20	421	0.00001
Kutzneria	43356	G	393	22	415	0.00001
Actinomycetospora	402649	G	349	12	361	0.00001
Saccharothrix	2071	G	335	35	370	0.00001
Actinokineospora	39845	G	298	37	335	0.00001
Actinosynnema	40566	G	286	46	332	0.00001
Actinoalloteichus	65496	G	264	4	268	0.00000
Umezawaea	583360	G	190	15	205	0.00000
Kibdelosporangium	2029	G	159	6	165	0.00000
Allokutzneria	1137960	G	105	8	113	0.00000
Crossiella	130795	G	100	8	108	0.00000
Prauserella	142577	G	61	1	62	0.00000
Alloactinosynnema	674734	G	59	12	71	0.00000
Allosaccharopolyspora	2893576	G	38	5	43	0.00000
Bifidobacterium	1678	G	7607	199	7806	0.00012
Gardnerella	2701	G	629	97	726	0.00001
Bombiscardovia	1159909	G	105	0	105	0.00000
Scardovia	196081	G	45	1	46	0.00000
Parascardovia	196082	G	14	0	14	0.00000
Streptosporangium	2000	G	2735	221	2956	0.00005
Nonomuraea	83681	G	1473	78	1551	0.00002
Microbispora	2005	G	359	23	382	0.00001
Microtetraspora	1995	G	134	13	147	0.00000
Sphaerisporangium	321315	G	92	5	97	0.00000
Thermobispora	147067	G	67	1	68	0.00000
Sphaerimonospora	1792303	G	63	3	66	0.00000
Actinomadura	1988	G	909	84	993	0.00002
Spirillospora	58122	G	247	31	278	0.00000
Actinoallomurus	667113	G	220	11	231	0.00000
Thermomonospora	2019	G	94	7	101	0.00000
Nocardiopsis	2013	G	727	57	784	0.00001
Thermobifida	83677	G	149	5	154	0.00000
Streptomonospora	104204	G	84	21	105	0.00000
Spiractinospora	2913367	G	78	0	78	0.00000
Actinomyces	1654	G	1718	47	1765	0.00003
Schaalia	2529408	G	551	22	573	0.00001
Trueperella	1069494	G	396	64	460	0.00001
Arcanobacterium	28263	G	359	17	376	0.00001
Flaviflexus	1522056	G	298	14	312	0.00000
Gleimia	2692113	G	236	91	327	0.00001
Nanchangia	2888879	G	116	0	116	0.00000
Buchananella	2767323	G	56	1	57	0.00000
Actinobaculum	76833	G	51	0	51	0.00000
Scrofimicrobium	2815785	G	50	0	50	0.00000
Actinotignum	1653174	G	35	3	38	0.00000
Changpingibacter	2912996	G	29	4	33	0.00000
Winkia	2692118	G	25	11	36	0.00000
Mobiluncus	2050	G	20	2	22	0.00000
Pauljensenia	2740557	G	14	1	15	0.00000
Varibaculum	184869	G	11	0	11	0.00000
Georgenia	154116	G	1294	83	1377	0.00002
Pseudofrankia	2994363	G	349	6	355	0.00001
Frankia	1854	G	271	5	276	0.00000
Parafrankia	2994362	G	51	1	52	0.00000
Protofrankia	2994361	G	26	0	26	0.00000
Blastococcus	38501	G	206	16	222	0.00000
Modestobacter	88138	G	184	15	199	0.00000
Geodermatophilus	1860	G	88	8	96	0.00000
Candidatus Planktophila	622681	G	309	0	309	0.00000
Candidatus Nanopelagicus	2039639	G	117	0	117	0.00000
Nakamurella	53460	G	339	5	344	0.00001
Kineococcus	33981	G	248	11	259	0.00000
Angustibacter	908626	G	68	1	69	0.00000
Jatrophihabitans	1434010	G	250	3	253	0.00000
Jiangella	281472	G	224	5	229	0.00000
Stackebrandtia	283810	G	158	1	159	0.00000
Natronoglycomyces	2838311	G	30	0	30	0.00000
Catenulispora	414878	G	128	3	131	0.00000
Acidothermus	28048	G	47	0	47	0.00000
Epidermidibacterium	2078948	G	45	15	60	0.00000
Actinopolyspora	1849	G	23	0	23	0.00000
Phoenicibacter	1981050	G	215	25	240	0.00000
Adlercreutzia	447020	G	178	3	181	0.00000
Eggerthella	84111	G	133	1	134	0.00000
Denitrobacterium	79603	G	70	7	77	0.00000
Raoultibacter	1926677	G	59	1	60	0.00000
Slackia	84108	G	36	0	36	0.00000
Arabiibacter	2005386	G	36	0	36	0.00000
Gordonibacter	644652	G	14	0	14	0.00000
Cryptobacterium	84162	G	13	0	13	0.00000
Collinsella	102106	G	361	21	382	0.00001
Coriobacterium	33870	G	16	0	16	0.00000
Fannyhessea	2767327	G	75	7	82	0.00000
Olsenella	133925	G	51	0	51	0.00000
Lancefieldella	2767353	G	17	0	17	0.00000
Thermophilibacter	2847307	G	12	0	12	0.00000
Aquihabitans	1648491	G	170	8	178	0.00000
Iamia	467975	G	72	2	74	0.00000
Dermatobacter	3075137	G	50	1	51	0.00000
Actinospongicola	3449744	G	25	1	26	0.00000
Actinomarinicola	2789775	G	14	1	15	0.00000
Candidatus Poriferisodalis	2983190	G	154	3	157	0.00000
Ilumatobacter	682522	G	147	1	148	0.00000
Candidatus Poriferisocius	2983186	G	101	5	106	0.00000
Salinilacustrithrix	3436875	G	25	2	27	0.00000
Acidimicrobium	53634	G	14	0	14	0.00000
Capillimicrobium	2976759	G	216	7	223	0.00000
Baekduia	2600304	G	106	2	108	0.00000
Svornostia	3231543	G	37	0	37	0.00000
Conexibacter	191494	G	129	3	132	0.00000
Paraconexibacter	2758920	G	47	1	48	0.00000
Miltoncostaea	2843200	G	76	0	76	0.00000
Thermoleophilum	192992	G	11	0	11	0.00000
Rubrobacter	42255	G	100	0	100	0.00000
Euzebya	908623	G	44	0	44	0.00000
Egicoccus	1755825	G	28	0	28	0.00000
Egibacter	1747770	G	13	0	13	0.00000
Spiroplasma	2132	G	13226	367	13593	0.00021
Mesoplasma	46239	G	1805	367	2172	0.00003
Entomoplasma	46238	G	87	21	108	0.00000
Williamsoniiplasma	2919614	G	711	112	823	0.00001
Mycoplasma	2093	G	8085	992	9077	0.00014
Candidatus Hepatoplasma	295595	G	384	11	395	0.00001
Acholeplasma	2147	G	2049	169	2218	0.00003
Haploplasma	2903106	G	1539	39	1578	0.00002
Candidatus Phytoplasma	33926	G	1382	15	1397	0.00002
Mariniplasma	2903100	G	977	73	1050	0.00002
Candidatus Izemoplasma	2975549	G	2212	4	2216	0.00003
Candidatus Xianfuyuplasma	2975521	G	414	6	420	0.00001
Hujiaoplasma	3078171	G	470	83	553	0.00001
Mycoplasmopsis	2767358	G	3927	229	4156	0.00006
Mesomycoplasma	2923352	G	2223	111	2334	0.00004
Metamycoplasma	2895509	G	1955	176	2131	0.00003
Malacoplasma	2791001	G	868	2	870	0.00001
Mycoplasmoides	2995234	G	298	15	313	0.00000
Ureaplasma	2129	G	283	5	288	0.00000
Nostoc	1177	G	3357	133	3490	0.00005
Anabaena	1163	G	336	271	607	0.00001
Cylindrospermum	56106	G	71	2	73	0.00000
Richelia	98443	G	35	1	36	0.00000
Trichormus	264688	G	17	0	17	0.00000
Dolichospermum	748770	G	263	224	487	0.00001
Okeanomitos	3231549	G	195	12	207	0.00000
Cylindrospermopsis	77021	G	177	12	189	0.00000
Sphaerospermopsis	752201	G	33	1	34	0.00000
Calothrix	1186	G	449	7	456	0.00001
Chlorogloeopsis	1123	G	372	0	372	0.00001
Fischerella	1190	G	372	103	475	0.00001
Tolypothrix	111782	G	364	11	375	0.00001
Halotia	1620790	G	58	2	60	0.00000
Nodularia	159191	G	51	1	52	0.00000
Aliinostoc	2035978	G	34	14	48	0.00000
Anabaenopsis	110103	G	15	1	16	0.00000
Brasilonema	383614	G	151	2	153	0.00000
Rivularia	373984	G	73	0	73	0.00000
Gloeothece	28070	G	722	6	728	0.00001
Candidatus Atelocyanobacterium	1453359	G	423	9	432	0.00001
Crocosphaera	263510	G	290	2	292	0.00000
Rippkaea	2546365	G	52	0	52	0.00000
Cyanobacterium	102234	G	606	8	614	0.00001
Geminocystis	669357	G	445	3	448	0.00001
Picosynechococcus	3079908	G	423	5	428	0.00001
Gloeocapsa	102231	G	175	4	179	0.00000
Gloeocapsopsis	693222	G	22	1	23	0.00000
Microcystis	1125	G	193	7	200	0.00000
Halothece	76023	G	59	4	63	0.00000
Planktothrix	54304	G	660	12	672	0.00001
Trichodesmium	1205	G	465	1	466	0.00001
Microcoleus	44471	G	99	8	107	0.00000
Oxynema	1492710	G	414	8	422	0.00001
Planktothricoides	132607	G	354	8	362	0.00001
Phormidium	1198	G	39	4	43	0.00000
Koinonema	2023214	G	15	0	15	0.00000
Capilliphycus	2768926	G	220	3	223	0.00000
Limnospira	2596745	G	197	8	205	0.00000
Prochlorococcus	1218	G	1709	10	1719	0.00003
Cyanobium	167375	G	84	7	91	0.00000
Synechococcus	1129	G	1379	30	1409	0.00002
Synechocystis	1142	G	399	6	405	0.00001
Altericista	2855430	G	71	1	72	0.00000
Leptolyngbya	47251	G	922	65	987	0.00002
Leptothermofonsia	2917830	G	50	1	51	0.00000
Leptodesmis	2664261	G	40	5	45	0.00000
Kovacikia	1874526	G	10	0	10	0.00000
Pseudanabaena	1152	G	540	8	548	0.00001
Thalassoporum	2799719	G	62	0	62	0.00000
Acaryochloris	155977	G	423	2	425	0.00001
Thermosynechococcus	146785	G	79	0	79	0.00000
Moorena	1155738	G	385	2	387	0.00001
Allocoleopsis	2886347	G	89	2	91	0.00000
Chroococcidiopsis	54298	G	412	4	416	0.00001
Chamaesiphon	217161	G	281	4	285	0.00000
Crinalium	241421	G	79	2	81	0.00000
Stanieria	102115	G	300	4	304	0.00000
Pleurocapsa	44474	G	42	1	43	0.00000
Egbenema	3079668	G	57	2	59	0.00000
Thermocoleostomius	3065395	G	54	2	56	0.00000
Thermoleptolyngbya	2303528	G	48	7	55	0.00000
Desertifilum	1185872	G	146	4	150	0.00000
Nodosilinea	1120752	G	79	4	83	0.00000
Halomicronema	170610	G	20	0	20	0.00000
Dactylococcopsis	13034	G	16	1	17	0.00000
Gloeobacter	33071	G	19	0	19	0.00000
Caldilinea	233191	G	544	1	545	0.00001
Candidatus Leptofilum	3140596	G	344	0	344	0.00001
Candidatus Promineifilum	1988031	G	28	0	28	0.00000
Dehalococcoides	61434	G	343	7	350	0.00001
Dehalogenimonas	670486	G	18	0	18	0.00000
Chloroflexus	1107	G	176	0	176	0.00000
Roseiflexus	120961	G	16	0	16	0.00000
Candidatus Chlorohelix	3139173	G	43	0	43	0.00000
Anaerolinea	233189	G	67	0	67	0.00000
Pelolinea	1649478	G	40	0	40	0.00000
Candidatus Brevifilum	2019482	G	11	0	11	0.00000
Ktedonosporobacter	2692417	G	67	0	67	0.00000
Tepidiforma	2682228	G	17	0	17	0.00000
Phototrophicus	2922426	G	12	0	12	0.00000
Fimbriimonas	1005038	G	96	0	96	0.00000
Capsulimonas	2494209	G	13	0	13	0.00000
Vulcanimicrobium	3016049	G	20	0	20	0.00000
Fusobacterium	848	G	17723	437	18160	0.00028
Cetobacterium	180162	G	11337	448	11785	0.00018
Ilyobacter	167639	G	1319	6	1325	0.00002
Leptotrichia	32067	G	3825	137	3962	0.00006
Sebaldella	32068	G	514	2	516	0.00001
Sneathia	168808	G	466	3	469	0.00001
Streptobacillus	34104	G	420	11	431	0.00001
Pseudoleptotrichia	2755140	G	376	26	402	0.00001
Haliovirga	3072462	G	347	0	347	0.00001
Oceanotoga	1255275	G	474	0	474	0.00001
Defluviitoga	1511648	G	367	3	370	0.00001
Marinitoga	160798	G	350	0	350	0.00001
Petrotoga	28236	G	228	0	228	0.00000
Tepiditoga	2778400	G	170	0	170	0.00000
Thermosipho	2420	G	664	0	664	0.00001
Fervidobacterium	2422	G	240	1	241	0.00000
Pseudothermotoga	1643951	G	298	2	300	0.00000
Thermotoga	2335	G	97	0	97	0.00000
Kosmotoga	651456	G	112	0	112	0.00000
Mesotoga	1184396	G	34	0	34	0.00000
Athalassotoga	1769718	G	24	0	24	0.00000
Deinococcus	1298	G	743	0	743	0.00001
Thermus	270	G	205	0	205	0.00000
Meiothermus	65551	G	31	0	31	0.00000
Cloacibacillus	508459	G	209	43	252	0.00000
Aminomonas	81411	G	10	14	24	0.00000
Pyramidobacter	638847	G	54	0	54	0.00000
Candidatus Chromulinivorax	2953757	G	193	0	193	0.00000
Candidatus Babela	1551504	G	175	0	175	0.00000
Candidatus Southlakia	3350975	G	43	0	43	0.00000
Candidatus Nanosynbacter	2093823	G	22	6	28	0.00000
Candidatus Mycosynbacter	2831665	G	10	0	10	0.00000
Candidatus Absconditicoccus	2900570	G	42	0	42	0.00000
Candidatus Bipolaricaulis	2250122	G	31	0	31	0.00000
Minisyncoccus	3238478	G	18	0	18	0.00000
Microvenator	2946507	G	29	0	29	0.00000
Persicimonas	2766927	G	19	0	19	0.00000
Homo	9605	G	137308	2072	139380	0.00214
Pichia	4919	G	2863	459	3322	0.00005
Brettanomyces	13366	G	889	179	1068	0.00002
Ogataea	461281	G	298	31	329	0.00001
Komagataella	460517	G	210	1	211	0.00000
Candida	5475	G	1033	70	1103	0.00002
Lodderomyces	36913	G	922	296	1218	0.00002
Scheffersomyces	766733	G	555	43	598	0.00001
Yamadazyma	766765	G	507	169	676	0.00001
Debaryomyces	4958	G	323	3	326	0.00001
Australozyma	3300567	G	401	15	416	0.00001
Candidozyma	3303203	G	400	60	460	0.00001
Henningerozyma	3163253	G	1435	116	1551	0.00002
Saccharomyces	4930	G	1095	44	1139	0.00002
Naumovozyma	278028	G	1006	65	1071	0.00002
Kluyveromyces	4910	G	766	90	856	0.00001
Tetrapisispora	113604	G	586	23	609	0.00001
Kazachstania	71245	G	581	33	614	0.00001
Zygosaccharomyces	4953	G	396	29	425	0.00001
Eremothecium	33170	G	383	323	706	0.00001
Torulaspora	4948	G	278	33	311	0.00000
Zygotorulaspora	1196389	G	266	73	339	0.00001
Huiozyma	3163251	G	185	11	196	0.00000
Nakaseomyces	374468	G	113	28	141	0.00000
Lachancea	300275	G	74	8	82	0.00000
Saccharomycodes	36034	G	288	123	411	0.00001
Sugiyamaella	410829	G	2100	355	2455	0.00004
Yarrowia	4951	G	366	1	367	0.00001
Fusarium	5506	G	2235	202	2437	0.00004
Trichoderma	5543	G	838	81	919	0.00001
Metarhizium	5529	G	330	2	332	0.00001
Pochonia	243023	G	256	3	259	0.00000
Ustilaginoidea	124426	G	201	6	207	0.00000
Akanthomyces	150366	G	233	11	244	0.00000
Purpureocillium	1052105	G	132	10	142	0.00000
Drechmeria	98402	G	81	1	82	0.00000
Colletotrichum	5455	G	1428	43	1471	0.00002
Neurospora	5140	G	528	29	557	0.00001
Sordaria	5146	G	367	62	429	0.00001
Thermothelomyces	1920207	G	638	13	651	0.00001
Thermothielavioides	2609811	G	193	7	200	0.00000
Podospora	5144	G	357	8	365	0.00001
Remersonia	72143	G	290	8	298	0.00000
Pyricularia	48558	G	1305	7	1312	0.00002
Botrytis	33196	G	643	17	660	0.00001
Penicillium	5073	G	2458	106	2564	0.00004
Aspergillus	5052	G	1974	67	2041	0.00003
Talaromyces	5094	G	1169	84	1253	0.00002
Coccidioides	5500	G	86	6	92	0.00000
Pyrenophora	5027	G	749	226	975	0.00002
Alternaria	5598	G	101	7	108	0.00000
Ascochyta	5453	G	359	29	388	0.00001
Zymoseptoria	1047167	G	210	8	218	0.00000
Fulvia	2897311	G	172	9	181	0.00000
Cercospora	29002	G	136	22	158	0.00000
Schizosaccharomyces	4895	G	466	17	483	0.00001
Kwoniella	490731	G	2702	169	2871	0.00004
Cryptococcus	5206	G	860	61	921	0.00001
Cutaneotrichosporon	1838142	G	106	1	107	0.00000
Vanrija	1851468	G	75	3	78	0.00000
Psilocybe	71950	G	216	5	221	0.00000
Marasmius	34448	G	204	9	213	0.00000
Rhizoctonia	1322061	G	135	5	140	0.00000
Puccinia	5296	G	1546	16	1562	0.00002
Sporisorium	63265	G	427	24	451	0.00001
Mycosarcoma	2689624	G	39	0	39	0.00000
Malassezia	55193	G	316	8	324	0.00000
Rhizophagus	1129544	G	4090	203	4293	0.00007
Vairimorpha	6038	G	195	1	196	0.00000
Encephalitozoon	6033	G	16	0	16	0.00000
Plasmodium	5820	G	6818	42	6860	0.00011
Theileria	5873	G	854	24	878	0.00001
Babesia	5864	G	719	7	726	0.00001
Toxoplasma	5810	G	361	26	387	0.00001
Neospora	29175	G	119	0	119	0.00000
Besnoitia	94642	G	69	0	69	0.00000
Cryptosporidium	5806	G	475	3	478	0.00001
Paramecium	5884	G	37	0	37	0.00000
Bremia	4778	G	419	1	420	0.00001
Thalassiosira	35127	G	207	2	209	0.00000
Phaeodactylum	2849	G	125	0	125	0.00000
Trichomonas	5721	G	2286	0	2286	0.00004
Spironucleus	39709	G	439	0	439	0.00001
Giardia	5740	G	66	0	66	0.00000
Leishmania	5658	G	1001	8	1009	0.00002
Porcisia	2761499	G	124	1	125	0.00000
Trypanosoma	5690	G	125	3	128	0.00000
Dictyostelium	5782	G	825	0	825	0.00001
Hemiselmis	77924	G	183	0	183	0.00000
Guillardia	55528	G	100	0	100	0.00000
Natrinema	88723	G	423	17	440	0.00001
Haloterrigena	121871	G	178	4	182	0.00000
Natronorubrum	134813	G	173	9	182	0.00000
Halosolutus	2993618	G	117	1	118	0.00000
Natrialba	63742	G	114	4	118	0.00000
Natronobeatus	3065678	G	110	6	116	0.00000
Halovivax	332951	G	42	0	42	0.00000
Natrononativus	3065677	G	42	0	42	0.00000
Natronosalvus	3076685	G	35	0	35	0.00000
Natronococcus	29287	G	33	2	35	0.00000
Natronobacterium	2256	G	29	2	31	0.00000
Halopiger	387342	G	28	1	29	0.00000
Halomontanus	3125902	G	27	0	27	0.00000
Halovalidus	3383206	G	22	0	22	0.00000
Natrarchaeobaculum	2765402	G	17	0	17	0.00000
Natribaculum	1699375	G	17	0	17	0.00000
Haloarcula	2237	G	337	16	353	0.00001
Halorhabdus	146825	G	310	0	310	0.00000
Halomicrobium	203135	G	100	12	112	0.00000
Halorientalis	1073987	G	93	9	102	0.00000
Halosimplex	171163	G	63	5	68	0.00000
Halapricum	1542963	G	55	1	56	0.00000
Haloferax	2251	G	180	0	180	0.00000
Halobaculum	43927	G	148	11	159	0.00000
Halorubrum	56688	G	115	15	130	0.00000
Haloplanus	376170	G	82	12	94	0.00000
Halohasta	1450140	G	45	14	59	0.00000
Halorarum	3163375	G	35	3	38	0.00000
Halobellus	1073986	G	27	6	33	0.00000
Salinigranum	1644057	G	24	0	24	0.00000
Haloquadratum	293431	G	21	0	21	0.00000
Haloprofundus	1911573	G	19	0	19	0.00000
Salinirarus	3415185	G	17	4	21	0.00000
Halolamina	1075397	G	13	2	15	0.00000
Halalkaliarchaeum	2678343	G	11	0	11	0.00000
Halocatena	2907493	G	78	0	78	0.00000
Natronomonas	63743	G	71	6	77	0.00000
Halorarius	3056835	G	43	5	48	0.00000
Halomarina	871740	G	28	0	28	0.00000
Haloglomus	2806252	G	22	1	23	0.00000
Salinirubellus	2162630	G	18	0	18	0.00000
Halosegnis	2841540	G	11	0	11	0.00000
Haladaptatus	367188	G	132	0	132	0.00000
Halorussus	1070314	G	122	11	133	0.00000
Halomicrococcus	2614447	G	10	0	10	0.00000
Halococcus	2249	G	153	0	153	0.00000
Halalkalicoccus	332246	G	46	0	46	0.00000
Salarchaeum	1075398	G	94	6	100	0.00000
Halobacterium	2239	G	52	5	57	0.00000
Halospeciosus	3116496	G	18	4	22	0.00000
Halarchaeum	744724	G	12	0	12	0.00000
Natronorarus	3386557	G	104	0	104	0.00000
Salinarchaeum	1269201	G	32	0	32	0.00000
Methanosarcina	2207	G	1219	2	1221	0.00002
Methanolapillus	3136068	G	474	7	481	0.00001
Methanolobus	2220	G	188	17	205	0.00000
Methanococcoides	2225	G	66	4	70	0.00000
Methanomethylovorans	101191	G	46	0	46	0.00000
Methanohalophilus	2175	G	16	0	16	0.00000
Methanosalsum	196136	G	10	0	10	0.00000
Methanospirillum	2202	G	649	1	650	0.00001
Methanochimaera	3385476	G	123	0	123	0.00000
Methanogenium	2195	G	107	0	107	0.00000
Methanoplanus	2314	G	32	0	32	0.00000
Methanoculleus	45989	G	27	0	27	0.00000
Methanofollis	81416	G	19	0	19	0.00000
Methanomicrobium	2204	G	18	0	18	0.00000
Methanolacinia	230355	G	14	0	14	0.00000
Methanosphaerula	475087	G	73	0	73	0.00000
Methanocorpusculum	2192	G	40	0	40	0.00000
Methanocella	570266	G	65	0	65	0.00000
Methanobrevibacter	2172	G	952	44	996	0.00002
Methanobacterium	2160	G	826	47	873	0.00001
Methanosphaera	2316	G	484	42	526	0.00001
Methanothermobacter	145260	G	14	0	14	0.00000
Methanocaldococcus	196118	G	703	62	765	0.00001
Methanotorris	196119	G	92	0	92	0.00000
Methanococcus	2184	G	480	12	492	0.00001
Methanothermococcus	155862	G	218	1	219	0.00000
Methanopyrus	2319	G	20	0	20	0.00000
Thermococcus	2263	G	366	0	366	0.00001
Pyrococcus	2260	G	246	0	246	0.00000
Geoglobus	190818	G	63	0	63	0.00000
Archaeoglobus	2233	G	47	0	47	0.00000
Cuniculiplasma	1747777	G	80	0	80	0.00000
Ferroplasma	74968	G	53	0	53	0.00000
Thermoplasma	2302	G	28	0	28	0.00000
Oxyplasma	3373586	G	22	0	22	0.00000
Methanomassiliicoccus	1080709	G	105	0	105	0.00000
Saccharolobus	2100760	G	932	70	1002	0.00002
Acidianus	12914	G	351	1	352	0.00001
Sulfolobus	2284	G	85	13	98	0.00000
Sulfurisphaera	69655	G	74	0	74	0.00000
Stygiolobus	41674	G	20	0	20	0.00000
Staphylothermus	2279	G	295	0	295	0.00000
Thermogladius	477695	G	53	0	53	0.00000
Thermosphaera	54253	G	21	0	21	0.00000
Hyperthermus	54247	G	17	0	17	0.00000
Caldisphaera	200414	G	113	0	113	0.00000
Fervidicoccus	685950	G	57	0	57	0.00000
Pyrobaculum	2276	G	38	0	38	0.00000
Thermofilum	2268	G	28	0	28	0.00000
Nitrosopumilus	338191	G	649	5	654	0.00001
Candidatus Nitrosomarinus	1993653	G	138	3	141	0.00000
Nitrosarchaeum	1007082	G	18	0	18	0.00000
Candidatus Nitrosocosmicus	1826864	G	220	0	220	0.00000
Nitrosotalea	1078904	G	116	0	116	0.00000
Candidatus Lokiarchaeum	1655637	G	234	0	234	0.00000
Promethearchaeum	3366645	G	77	0	77	0.00000
Nanobdella	2974824	G	96	0	96	0.00000
Kanagawavirus	2843399	G	227	0	227	0.00000
Gaprivervirus	1913654	G	216	2	218	0.00000
Karamvirus	1913650	G	50	0	50	0.00000
Dhakavirus	1914165	G	14	0	14	0.00000
Lazarusvirus	2842820	G	51	0	51	0.00000
Shandvirus	2948904	G	78	0	78	0.00000
Gibbetvirus	2948725	G	14	0	14	0.00000
Exceevirus	2948704	G	393	0	393	0.00001
Luzseptimavirus	1982594	G	127	0	127	0.00000
Pacinivirus	2842934	G	50	0	50	0.00000
Tsamsavirus	3044849	G	231	1	232	0.00000
Hafyongvirus	3152967	G	227	1	228	0.00000
Obolenskvirus	1915205	G	221	0	221	0.00000
Graikaemvirus	3044724	G	124	0	124	0.00000
Duonihilunusvirus	3044707	G	17	0	17	0.00000
Pagevirus	1921184	G	139	0	139	0.00000
Eneladusvirus	2560128	G	132	0	132	0.00000
Phapecoctavirus	2733124	G	98	0	98	0.00000
Baltivirus	2946816	G	78	47	125	0.00000
Mimasvirus	2560176	G	88	0	88	0.00000
Asteriusvirus	2560094	G	69	0	69	0.00000
Kungbxnavirus	2843406	G	68	0	68	0.00000
Audreyjarvisvirus	2843351	G	66	0	66	0.00000
Watanabevirus	2843129	G	31	0	31	0.00000
Pecentumvirus	1857844	G	16	0	16	0.00000
Hzauvirus	3044735	G	60	0	60	0.00000
Labanvirus	2843408	G	55	0	55	0.00000
Vidquintavirus	2560249	G	42	0	42	0.00000
Jahgtovirus	2948767	G	20	0	20	0.00000
Ravarandavirus	2843444	G	41	0	41	0.00000
Colossusvirus	2733153	G	34	0	34	0.00000
Haetaevirus	3044726	G	36	2	38	0.00000
Weaselvirus	2560253	G	36	0	36	0.00000
Sextaecvirus	1922243	G	33	0	33	0.00000
Franklinbayvirus	2733176	G	31	0	31	0.00000
Alcyoneusvirus	2560086	G	30	0	30	0.00000
Lavrentievavirus	2943011	G	28	0	28	0.00000
Donnerlittchenvirus	3152600	G	23	0	23	0.00000
Teubervirus	2843466	G	26	0	26	0.00000
Trigintaduovirus	2169657	G	23	0	23	0.00000
Sleepyheadvirus	2843457	G	23	0	23	0.00000
Limdunavirus	2169621	G	22	0	22	0.00000
Zhangqianvirus	3044868	G	22	0	22	0.00000
Ceduovirus	186532	G	22	0	22	0.00000
Cinunavirus	2560117	G	19	0	19	0.00000
Slashvirus	1921709	G	18	0	18	0.00000
Liaoningvirus	3153013	G	15	0	15	0.00000
Clawzvirus	3044689	G	12	0	12	0.00000
Proboscivirus	548689	G	85	0	85	0.00000
Simplexvirus	10294	G	24	0	24	0.00000
Moumouvirus	3080801	G	247	13	260	0.00000
Tupanvirus	2094720	G	170	0	170	0.00000
Mimivirus	315393	G	161	12	173	0.00000
Megavirus	3044761	G	152	0	152	0.00000
Theiavirus	3044842	G	86	0	86	0.00000
Fadolivirus	2763561	G	18	0	18	0.00000
Rheavirus	3044800	G	10	0	10	0.00000
Biavirus	3044674	G	15	0	15	0.00000
Iridovirus	10487	G	117	0	117	0.00000
Prymnesiovirus	181086	G	49	0	49	0.00000
Chlorovirus	181083	G	42	8	50	0.00000
Cervidpoxvirus	573055	G	104	0	104	0.00000
Betaentomopoxvirus	10286	G	42	5	47	0.00000
Mastadenovirus	10509	G	115	0	115	0.00000
Orthobunyavirus	11572	G	244	0	244	0.00000
Orthohantavirus	1980442	G	156	0	156	0.00000
Phlebovirus	11584	G	11	0	11	0.00000
Tymovirus	12148	G	75	4	79	0.00000
Orthoflavivirus	3044782	G	27	0	27	0.00000
Dinovernavirus	699180	G	90	25	115	0.00000
Kahnayevirus	2842782	G	11	0	11	0.00000
Betabaculovirus	558017	G	132	0	132	0.00000
Alphabaculovirus	558016	G	75	0	75	0.00000
Alphanudivirus	1511853	G	42	0	42	0.00000
Pandoravirus	2060084	G	31	7	38	0.00000
