name	taxonomy_id	taxonomy_lvl	kraken_assigned_reads	added_reads	new_est_reads	fraction_total_reads
Bacteroides	816	G	8063622	696347	8759969	0.28099
Phocaeicola	909656	G	225452	28618	254070	0.00815
Parabacteroides	375288	G	1761575	349530	2111105	0.06772
Tannerella	195950	G	43228	1820	45048	0.00144
Alistipes	239759	G	1278714	71528	1350242	0.04331
Acetobacteroides	1647173	G	9164	721	9885	0.00032
Prevotella	838	G	206888	9911	216799	0.00695
Segatella	2974251	G	87562	4719	92281	0.00296
Paraprevotella	577309	G	38193	2618	40811	0.00131
Hoylesella	2974257	G	16625	6200	22825	0.00073
Xylanibacter	558436	G	14275	205	14480	0.00046
Pseudoprevotella	2884814	G	7793	118	7911	0.00025
Butyricimonas	574697	G	83929	8900	92829	0.00298
Odoribacter	283168	G	75317	5506	80823	0.00259
Porphyromonas	836	G	60956	3184	64140	0.00206
Macellibacteroides	1159323	G	57439	1976	59415	0.00191
Petrimonas	307628	G	28136	4354	32490	0.00104
Proteiniphilum	294702	G	24699	2118	26817	0.00086
Limibacterium	3404873	G	17776	567	18343	0.00059
Dysgonomonas	156973	G	15475	23	15498	0.00050
Indolivaga	3680098	G	13502	1728	15230	0.00049
Barnesiella	397864	G	69493	4362	73855	0.00237
Coprobacter	1348911	G	33115	2366	35481	0.00114
Duncaniella	2518495	G	18903	531	19434	0.00062
Muribaculum	1918540	G	17585	917	18502	0.00059
Paramuribaculum	2518497	G	10623	339	10962	0.00035
Sodaliphilus	2815786	G	6444	270	6714	0.00022
Paludibacter	346096	G	11184	15	11199	0.00036
Salinivirga	1970191	G	3461	3	3464	0.00011
Tenuifilum	2760873	G	2242	8	2250	0.00007
Candidatus Azobacteroides	511434	G	2208	2	2210	0.00007
Draconibacterium	1471399	G	31193	998	32191	0.00103
Gaoshiqia	3045890	G	9314	187	9501	0.00030
Mangrovibacterium	1573808	G	8547	972	9519	0.00031
Maribellus	2678352	G	7191	272	7463	0.00024
Aquipluma	2792393	G	6376	97	6473	0.00021
Halosquirtibacter	3374594	G	5974	245	6219	0.00020
Labilibaculum	2060722	G	12105	617	12722	0.00041
Marinifilum	866673	G	10822	583	11405	0.00037
Xiashengella	3129724	G	4905	1495	6400	0.00021
Alkalitalea	1193324	G	4116	178	4294	0.00014
Flavobacterium	237	G	173947	13324	187271	0.00601
Capnocytophaga	1016	G	28434	1388	29822	0.00096
Flagellimonas	444459	G	20824	3302	24126	0.00077
Polaribacter	52959	G	20318	3578	23896	0.00077
Tenacibaculum	104267	G	17174	3179	20353	0.00065
Maribacter	252356	G	15583	3207	18790	0.00060
Winogradskyella	286104	G	10730	1734	12464	0.00040
Aquimarina	290174	G	10304	696	11000	0.00035
Christiangramia	292691	G	10248	1343	11591	0.00037
Myroides	76831	G	9091	2017	11108	0.00036
Nonlabens	363408	G	7354	892	8246	0.00026
Formosa	225842	G	7301	1108	8409	0.00027
Zobellia	112040	G	6490	380	6870	0.00022
Mariniflexile	527198	G	6051	679	6730	0.00022
Leeuwenhoekiella	283735	G	5703	1310	7013	0.00022
Cellulophaga	104264	G	5467	583	6050	0.00019
Aequorivita	153265	G	5146	559	5705	0.00018
Sinomicrobium	1434045	G	4151	54	4205	0.00013
Flavivirga	1209327	G	4111	216	4327	0.00014
Algibacter	261827	G	4077	814	4891	0.00016
Robiginitalea	252306	G	3563	172	3735	0.00012
Salegentibacter	143222	G	3557	1897	5454	0.00017
Antarcticibacterium	2058174	G	3386	541	3927	0.00013
Seonamhaeicola	1649495	G	3306	330	3636	0.00012
Zunongwangia	417127	G	3206	2137	5343	0.00017
Salinimicrobium	561367	G	3162	432	3594	0.00012
Arenibacter	178469	G	2920	1265	4185	0.00013
Kordia	221065	G	2804	165	2969	0.00010
Allomuricauda	111500	G	2786	133	2919	0.00009
Lacinutrix	291183	G	2659	754	3413	0.00011
Dokdonia	326319	G	2551	171	2722	0.00009
Lutibacter	358023	G	2482	118	2600	0.00008
Wenyingzhuangia	1518147	G	2405	275	2680	0.00009
Zhouia	561555	G	2392	603	2995	0.00010
Olleya	336276	G	2243	789	3032	0.00010
Aestuariibaculum	1386924	G	2149	221	2370	0.00008
Galbibacter	379068	G	1991	817	2808	0.00009
Abyssalbus	2967089	G	1969	83	2052	0.00007
Psychroserpens	49277	G	1891	664	2555	0.00008
Mangrovimonas	1211036	G	1627	210	1837	0.00006
Paenimyroides	3085669	G	1514	916	2430	0.00008
Lutimonas	449810	G	1476	69	1545	0.00005
Aureibaculum	2706948	G	1405	136	1541	0.00005
Siansivirga	1204360	G	1399	216	1615	0.00005
Aggregatimonas	2913017	G	1390	31	1421	0.00005
Ulvibacterium	2665910	G	1388	9	1397	0.00004
Daejeonia	2027867	G	1364	1182	2546	0.00008
Rasiella	2987594	G	1335	133	1468	0.00005
Psychroflexus	83612	G	1324	143	1467	0.00005
Muriicola	762641	G	1320	39	1359	0.00004
Patiriisocius	2822394	G	1272	182	1454	0.00005
Thalassobellus	3400333	G	1261	199	1460	0.00005
Euzebyella	1287916	G	1201	725	1926	0.00006
Gilvibacter	379070	G	1151	140	1291	0.00004
Bizionia	283785	G	1109	250	1359	0.00004
Amniculibacterium	2715289	G	1066	1174	2240	0.00007
Pontimicrobium	2918913	G	1065	210	1275	0.00004
Mesoflavibacter	444051	G	1043	245	1288	0.00004
Yeosuana	288018	G	1012	143	1155	0.00004
Vaginella	1935184	G	987	938	1925	0.00006
Hwangdonia	1649460	G	982	234	1216	0.00004
Croceiramulus	3568316	G	963	80	1043	0.00003
Costertonia	343334	G	939	336	1275	0.00004
Pukyongia	2831916	G	934	100	1034	0.00003
Changchengzhania	2049301	G	891	61	952	0.00003
Constantimarinum	2907134	G	851	110	961	0.00003
Candidatus Arcticimaribacter	2953860	G	851	92	943	0.00003
Aegicerativicinus	2893197	G	842	56	898	0.00003
Imtechella	1165076	G	823	51	874	0.00003
Allotamlana	3400365	G	784	67	851	0.00003
Marixanthomonas	387658	G	777	268	1045	0.00003
Pseudotamlana	3400368	G	765	503	1268	0.00004
Sediminicola	389486	G	757	32	789	0.00003
Croceibacter	216431	G	732	180	912	0.00003
Oceanihabitans	2045416	G	666	273	939	0.00003
Gillisia	244698	G	645	358	1003	0.00003
Pseudalgibacter	2861660	G	589	125	714	0.00002
Urechidicola	2700084	G	579	339	918	0.00003
Flaviramulus	369400	G	569	105	674	0.00002
Candidatus Marifrigoribacter	3457289	G	485	67	552	0.00002
Tamlana	393005	G	299	224	523	0.00002
Chryseobacterium	59732	G	88153	10506	98659	0.00316
Kaistella	2782231	G	7743	543	8286	0.00027
Epilithonimonas	2782229	G	3096	1848	4944	0.00016
Elizabethkingia	308865	G	12190	2611	14801	0.00047
Riemerella	34084	G	4187	1197	5384	0.00017
Empedobacter	59734	G	3394	1849	5243	0.00017
Apibacter	1778601	G	2844	140	2984	0.00010
Cloacibacterium	501783	G	2479	1213	3692	0.00012
Ornithobacterium	28250	G	2016	89	2105	0.00007
Bergeyella	59735	G	1585	592	2177	0.00007
Faecalibacter	2766734	G	1568	92	1660	0.00005
Cruoricaptor	1433995	G	1433	544	1977	0.00006
Marnyiella	3088764	G	1104	72	1176	0.00004
Weeksella	1013	G	558	279	837	0.00003
Blattabacterium	34098	G	7950	444	8394	0.00027
Fluviicola	332102	G	3701	77	3778	0.00012
Paracrocinitomix	3024544	G	1062	8	1070	0.00003
Croceimicrobium	2828338	G	2046	47	2093	0.00007
Owenweeksia	267986	G	1700	14	1714	0.00005
Sanyastnella	3228946	G	1059	1	1060	0.00003
Candidatus Karelsulcia	336809	G	796	84	880	0.00003
Candidatus Walczuchella	1940138	G	187	1	188	0.00001
Candidatus Shikimatogenerans	2926991	G	24	7	31	0.00000
Parvicella	2975260	G	873	8	881	0.00003
Ichthyobacterium	1755829	G	564	1	565	0.00002
Hymenobacter	89966	G	78251	1103	79354	0.00255
Pontibacter	323449	G	19087	809	19896	0.00064
Rufibacter	1379908	G	7814	833	8647	0.00028
Adhaeribacter	299566	G	5138	168	5306	0.00017
Nibribacter	1649474	G	1557	406	1963	0.00006
Dyadobacter	120831	G	24260	759	25019	0.00080
Larkinella	332157	G	10754	622	11376	0.00036
Runella	105	G	10027	36	10063	0.00032
Fibrella	861914	G	2567	129	2696	0.00009
Fibrisoma	861913	G	33	0	33	0.00000
Spirosoma	107	G	36918	482	37400	0.00120
Cytophaga	978	G	1882	85	1967	0.00006
Algoriphagus	246875	G	12493	940	13433	0.00043
Echinicola	390846	G	11336	1790	13126	0.00042
Cyclobacterium	68288	G	4598	705	5303	0.00017
Aquiflexum	280472	G	1549	100	1649	0.00005
Mongoliitalea	1511649	G	1096	25	1121	0.00004
Belliella	232244	G	888	166	1054	0.00003
Flammeovirga	59739	G	6347	510	6857	0.00022
Imperialibacter	1649461	G	3923	550	4473	0.00014
Chondrinema	3051458	G	2172	340	2512	0.00008
Ekhidna	447678	G	5697	494	6191	0.00020
Reichenbachiella	156993	G	3656	271	3927	0.00013
Emticicia	312278	G	3272	69	3341	0.00011
Leadbetterella	319458	G	2002	87	2089	0.00007
Marinilongibacter	2975149	G	1321	11	1332	0.00004
Jiulongibacter	2031119	G	1227	35	1262	0.00004
Arcticibacterium	2173039	G	940	17	957	0.00003
Fulvivirga	396811	G	5784	590	6374	0.00020
Chryseolinea	1433993	G	2494	22	2516	0.00008
Fulvitalea	1434007	G	2930	143	3073	0.00010
Persicobacter	59740	G	1860	123	1983	0.00006
Aureibacter	1097443	G	1366	50	1416	0.00005
Marivirga	869806	G	5480	1848	7328	0.00024
Catalinimonas	1522128	G	2313	26	2339	0.00008
Tunicatimonas	1077254	G	1591	2	1593	0.00005
Porifericola	1001222	G	1089	44	1133	0.00004
Roseivirga	290180	G	4893	368	5261	0.00017
Candidatus Cardinium	273135	G	4326	219	4545	0.00015
Candidatus Amoebophilus	281119	G	333	0	333	0.00001
Bernardetia	1937972	G	4077	26	4103	0.00013
Aquirufa	2676247	G	3429	44	3473	0.00011
Rhodocytophaga	455076	G	2650	32	2682	0.00009
Mangrovivirga	2858886	G	1200	21	1221	0.00004
Mucilaginibacter	423349	G	89544	3871	93415	0.00300
Sphingobacterium	28453	G	74911	5900	80811	0.00259
Pedobacter	84567	G	69227	2424	71651	0.00230
Olivibacter	376469	G	5870	920	6790	0.00022
Solitalea	929509	G	3922	65	3987	0.00013
Anseongella	1773450	G	2910	9	2919	0.00009
Arcticibacter	1288026	G	2483	120	2603	0.00008
Pseudopedobacter	1649482	G	1780	154	1934	0.00006
Aurantibacillus	3088889	G	1233	8	1241	0.00004
Chitinophaga	79328	G	65791	1658	67449	0.00216
Niabella	379899	G	9262	528	9790	0.00031
Arachidicoccus	1769012	G	7019	281	7300	0.00023
Paraflavitalea	2698688	G	6631	311	6942	0.00022
Filimonas	649460	G	3693	293	3986	0.00013
Pseudobacter	1860196	G	3371	300	3671	0.00012
Niastella	354354	G	3254	257	3511	0.00011
Puia	2045098	G	3168	138	3306	0.00011
Phnomibacter	2836216	G	3043	190	3233	0.00010
Flavihumibacter	1004301	G	2987	71	3058	0.00010
Mycovorax	3389990	G	2979	398	3377	0.00011
Flavisolibacter	398041	G	2780	192	2972	0.00010
Pseudocnuella	2812019	G	2233	172	2405	0.00008
Lacibacter	649461	G	2086	64	2150	0.00007
Ferruginibacter	1004303	G	1820	57	1877	0.00006
Panacibacter	1874621	G	1565	25	1590	0.00005
Sediminibacterium	504481	G	1563	111	1674	0.00005
Rhizosphaericola	3114547	G	1304	91	1395	0.00004
Thermoflavifilum	1649506	G	1121	10	1131	0.00004
Phaeodactylibacter	1564515	G	2911	17	2928	0.00009
Haliscomenobacter	2349	G	2826	24	2850	0.00009
Aureispira	365032	G	1812	21	1833	0.00006
Saprospira	1007	G	1609	2	1611	0.00005
Neolewinella	2993541	G	1639	31	1670	0.00005
Lewinella	70994	G	1476	16	1492	0.00005
Candidatus Sulfidibacterium	2923290	G	3589	2	3591	0.00012
Chlorobaculum	256319	G	3422	11	3433	0.00011
Chlorobium	1091	G	1908	60	1968	0.00006
Pelodictyon	1099	G	1454	37	1491	0.00005
Prosthecochloris	1101	G	2822	36	2858	0.00009
Chloroherpeton	100715	G	778	0	778	0.00002
Rhodothermus	29548	G	1783	42	1825	0.00006
Rhodocaloribacter	2893090	G	1684	82	1766	0.00006
Rubrivirga	1434037	G	1586	34	1620	0.00005
Salinibacter	146918	G	809	0	809	0.00003
Ignavibacterium	795750	G	1682	23	1705	0.00005
Melioribacter	1134403	G	959	7	966	0.00003
Gracilimonas	649462	G	1565	22	1587	0.00005
Cyclonatronum	2489367	G	730	200	930	0.00003
Gemmatimonas	173479	G	2063	0	2063	0.00007
Gemmatirosa	1706036	G	786	46	832	0.00003
Pseudogemmatithrix	3237678	G	589	33	622	0.00002
Candidatus Palauibacter	3056650	G	1801	16	1817	0.00006
Gaopeijia	3381669	G	844	0	844	0.00003
Fibrobacter	832	G	1137	172	1309	0.00004
Fidelibacter	3377528	G	617	8	625	0.00002
Candidatus Cloacimonas	456826	G	337	0	337	0.00001
Serratia	613	G	175586	25772	201358	0.00646
Yersinia	629	G	11041	2171	13212	0.00042
Rahnella	34037	G	4768	609	5377	0.00017
Rouxiella	1565532	G	1501	114	1615	0.00005
Chania	1745211	G	1130	80	1210	0.00004
Gibbsiella	929812	G	926	52	978	0.00003
Nissabacter	1964366	G	635	46	681	0.00002
Chimaeribacter	2716544	G	597	116	713	0.00002
Ewingella	41201	G	259	18	277	0.00001
Candidatus Fukatsuia	1927833	G	246	10	256	0.00001
Enterobacter	547	G	20980	42072	63052	0.00202
Klebsiella	570	G	20684	63626	84310	0.00270
Citrobacter	544	G	14660	24345	39005	0.00125
Escherichia	561	G	9398	64897	74295	0.00238
Kosakonia	1330547	G	5727	698	6425	0.00021
Salmonella	590	G	5157	25028	30185	0.00097
Cronobacter	413496	G	4662	891	5553	0.00018
Candidatus Blochmanniella	203804	G	1290	28	1318	0.00004
Candidatus Westeberhardia	1699619	G	11	2	13	0.00000
Symbiopectobacterium	801	G	1055	61	1116	0.00004
Candidatus Regiella	568988	G	352	17	369	0.00001
Candidatus Williamhamiltonella	568987	G	255	325	580	0.00002
Candidatus Hartigia	1449912	G	175	5	180	0.00001
Candidatus Annandia	1302410	G	171	41	212	0.00001
Candidatus Purcelliella	472825	G	112	18	130	0.00000
Candidatus Hoaglandella	1906659	G	111	1	112	0.00000
Candidatus Gullanella	1906661	G	90	4	94	0.00000
Candidatus Tachikawaea	1682492	G	84	18	102	0.00000
Candidatus Doolittlea	1906657	G	78	52	130	0.00000
Candidatus Mikella	1906660	G	22	1	23	0.00000
Cedecea	158483	G	3811	511	4322	0.00014
Leclercia	83654	G	3376	4733	8109	0.00026
Kluyvera	579	G	3074	1443	4517	0.00014
Buttiauxella	82976	G	2656	2369	5025	0.00016
Lelliottia	1330545	G	1758	588	2346	0.00008
Siccibacter	1649298	G	1741	241	1982	0.00006
Pluralibacter	1330546	G	1717	386	2103	0.00007
Dryocola	3021684	G	1484	199	1683	0.00005
Plesiomonas	702	G	1328	425	1753	0.00006
Atlantibacter	1903434	G	1287	325	1612	0.00005
Jejuibacter	2815296	G	950	57	1007	0.00003
Franconibacter	1649295	G	908	44	952	0.00003
Pseudocitrobacter	1504576	G	831	497	1328	0.00004
Superficieibacter	2303321	G	810	73	883	0.00003
Phytobacter	447792	G	809	1609	2418	0.00008
Trabulsiella	158851	G	552	388	940	0.00003
Shimwellia	1335483	G	529	44	573	0.00002
Mangrovibacter	451512	G	470	524	994	0.00003
Pseudescherichia	2055880	G	410	380	790	0.00003
Scandinavium	2726810	G	399	53	452	0.00001
Yokenella	158876	G	385	151	536	0.00002
Candidatus Profftia	1177214	G	366	29	395	0.00001
Shigella	620	G	178	1762	1940	0.00006
Candidatus Riesia	401618	G	131	3	134	0.00000
Candidatus Ishikawella	409304	G	114	4	118	0.00000
Candidatus Gillettellia	1177217	G	108	0	108	0.00000
Candidatus Curculioniphilus	690591	G	71	0	71	0.00000
Candidatus Schneideria	1081630	G	68	1	69	0.00000
Candidatus Psyllophila	3682497	G	52	8	60	0.00000
Candidatus Moranella	1048757	G	33	0	33	0.00000
Hafnia	568	G	42783	9993	52776	0.00169
Edwardsiella	635	G	5308	2032	7340	0.00024
Obesumbacterium	82982	G	417	176	593	0.00002
Pantoea	53335	G	17931	1737	19668	0.00063
Erwinia	551	G	7834	764	8598	0.00028
Buchnera	32199	G	6854	1947	8801	0.00028
Mixta	2100764	G	1733	448	2181	0.00007
Winslowiella	2997349	G	896	76	972	0.00003
Tatumella	82986	G	838	88	926	0.00003
Duffyella	3026546	G	378	62	440	0.00001
Paramixta	3231896	G	343	35	378	0.00001
Wigglesworthia	51228	G	34	1	35	0.00000
Providencia	586	G	9267	12139	21406	0.00069
Xenorhabdus	626	G	5500	252	5752	0.00018
Proteus	583	G	5095	4956	10051	0.00032
Morganella	581	G	2905	5269	8174	0.00026
Photorhabdus	29487	G	2269	41	2310	0.00007
Arsenophonus	637	G	1710	48	1758	0.00006
Moellerella	158848	G	480	583	1063	0.00003
Dickeya	204037	G	9354	887	10241	0.00033
Pectobacterium	122277	G	8436	772	9208	0.00030
Brenneria	71655	G	3099	495	3594	0.00012
Lonsdalea	1082702	G	1129	108	1237	0.00004
Musicola	2884243	G	555	34	589	0.00002
Prodigiosinella	3059405	G	61	162	223	0.00001
Sodalis	84565	G	4486	248	4734	0.00015
Leminorella	82980	G	1443	87	1530	0.00005
Limnobaculum	2172100	G	1255	91	1346	0.00004
Pragia	82984	G	313	20	333	0.00001
Gallaecimonas	745410	G	1266	110	1376	0.00004
Pseudomonas	286	G	180691	46153	226844	0.00728
Stutzerimonas	2901164	G	8472	3467	11939	0.00038
Halopseudomonas	2901189	G	4258	422	4680	0.00015
Ectopseudomonas	3236654	G	3007	4049	7056	0.00023
Metapseudomonas	3236656	G	2984	605	3589	0.00012
Azotobacter	352	G	1674	14445	16119	0.00052
Azorhizophilus	157913	G	80	4	84	0.00000
Aquipseudomonas	3236652	G	1133	557	1690	0.00005
Entomomonas	2758906	G	827	19	846	0.00003
Thiopseudomonas	1654787	G	786	114	900	0.00003
Permianibacter	1649479	G	337	3	340	0.00001
Phytopseudomonas	3236657	G	301	46	347	0.00001
Geopseudomonas	3236655	G	292	58	350	0.00001
Denitrificimonas	2901261	G	285	115	400	0.00001
Marinobacter	2742	G	12889	1464	14353	0.00046
Candidatus Njordibacter	3457297	G	906	30	936	0.00003
Pseudohongiella	1524249	G	326	4	330	0.00001
Ketobacter	2025617	G	309	14	323	0.00001
Xanthomonas	338	G	18424	4689	23113	0.00074
Stenotrophomonas	40323	G	17212	13478	30690	0.00098
Lysobacter	68	G	9079	1293	10372	0.00033
Pseudoxanthomonas	83618	G	6779	2171	8950	0.00029
Luteimonas	83614	G	3870	338	4208	0.00013
Thermomonas	141948	G	1731	185	1916	0.00006
Agrilutibacter	3382696	G	1466	173	1639	0.00005
Xylella	2370	G	1211	98	1309	0.00004
Arenimonas	490567	G	521	40	561	0.00002
Marilutibacter	3382698	G	465	43	508	0.00002
Novilysobacter	3382699	G	336	487	823	0.00003
Solilutibacter	3382695	G	226	43	269	0.00001
Pseudoluteimonas	3382694	G	153	13	166	0.00001
Dyella	231454	G	7564	679	8243	0.00026
Luteibacter	242605	G	4118	432	4550	0.00015
Rhodanobacter	75309	G	4111	570	4681	0.00015
Tahibacter	1453544	G	1365	43	1408	0.00005
Frateuria	70411	G	1041	228	1269	0.00004
Dokdonella	323413	G	779	51	830	0.00003
Pseudolysobacter	2709666	G	583	11	594	0.00002
Ahniella	2233801	G	320	5	325	0.00001
Aerosticca	2707020	G	196	441	637	0.00002
Marinicella	863253	G	313	2	315	0.00001
Shewanella	22	G	23409	3092	26501	0.00085
Parashewanella	2547964	G	613	20	633	0.00002
Psychrobium	1573826	G	298	16	314	0.00001
Alteromonas	226	G	8091	1048	9139	0.00029
Salinimonas	288793	G	1399	227	1626	0.00005
Agarivorans	261825	G	2248	96	2344	0.00008
Paraglaciecola	1621534	G	1828	135	1963	0.00006
Catenovulum	1172191	G	1341	45	1386	0.00004
Neptunicella	2125985	G	1245	73	1318	0.00004
Alkalimarinus	1858563	G	766	34	800	0.00003
Alishewanella	111142	G	583	130	713	0.00002
Halioxenophilus	2108524	G	555	91	646	0.00002
Lacimicrobium	1751872	G	467	17	484	0.00002
Paraneptunicella	2905123	G	446	16	462	0.00001
Saliniradius	2661818	G	434	24	458	0.00001
Planctobacterium	2200736	G	420	21	441	0.00001
Brumicola	3160924	G	368	15	383	0.00001
Saccharobesus	2894574	G	278	8	286	0.00001
Aliiglaciecola	1406885	G	255	39	294	0.00001
Hydrocarboniclastica	2650549	G	248	22	270	0.00001
Ningiella	2751156	G	225	6	231	0.00001
Gayadomonas	1234605	G	137	0	137	0.00000
Pseudoalteromonas	53246	G	16452	1471	17923	0.00057
Psychrosphaera	907197	G	387	73	460	0.00001
Flocculibacter	2834759	G	267	16	283	0.00001
Thalassotalea	1518149	G	4007	377	4384	0.00014
Colwellia	28228	G	2693	211	2904	0.00009
Thalassomonas	137583	G	1721	45	1766	0.00006
Pseudocolwellia	2848177	G	301	23	324	0.00001
Litorilituus	1407056	G	185	7	192	0.00001
Cognaticolwellia	2848171	G	132	20	152	0.00000
Idiomarina	135575	G	2187	330	2517	0.00008
Pseudidiomarina	2800384	G	716	101	817	0.00003
Psychromonas	67572	G	2428	79	2507	0.00008
Ferrimonas	44011	G	1736	127	1863	0.00006
Moritella	58050	G	1315	147	1462	0.00005
Aegicerorhabdus	3614798	G	636	36	672	0.00002
Motilimonas	1914248	G	271	18	289	0.00001
Halomonas	2745	G	18288	2937	21225	0.00068
Vreelandella	3137766	G	6535	3035	9570	0.00031
Cobetia	204286	G	3615	148	3763	0.00012
Salinicola	404432	G	2590	301	2891	0.00009
Kushneria	504090	G	1703	18	1721	0.00006
Billgrantia	3137761	G	1511	1201	2712	0.00009
Zymobacter	33073	G	920	70	990	0.00003
Candidatus Carsonella	114185	G	254	145	399	0.00001
Chromohalobacter	42054	G	1067	185	1252	0.00004
Pistricoccus	1897649	G	691	14	705	0.00002
Halotalea	376488	G	578	61	639	0.00002
Bisbaumannia	3137762	G	566	38	604	0.00002
Marinomonas	28253	G	5289	450	5739	0.00018
Marinobacterium	48075	G	3138	348	3486	0.00011
Thalassolituus	187492	G	1916	219	2135	0.00007
Neptuniibacter	459520	G	1639	99	1738	0.00006
Bacterioplanoides	2066071	G	1165	33	1198	0.00004
Neptunomonas	75687	G	1107	41	1148	0.00004
Venatoribacter	2893036	G	1087	141	1228	0.00004
Aliamphritea	3018276	G	911	53	964	0.00003
Amphritea	515417	G	899	38	937	0.00003
Nitrincola	267849	G	771	146	917	0.00003
Bermanella	599651	G	643	10	653	0.00002
Motiliproteus	1775292	G	635	28	663	0.00002
Marinospirillum	64968	G	360	21	381	0.00001
Bacterioplanes	1537406	G	348	16	364	0.00001
Alcanivorax	59753	G	2111	345	2456	0.00008
Alloalcanivorax	3020832	G	1601	391	1992	0.00006
Isoalcanivorax	3020833	G	355	106	461	0.00001
Endozoicomonas	305899	G	3839	111	3950	0.00013
Hahella	158481	G	2197	63	2260	0.00007
Thermohahella	3449104	G	553	96	649	0.00002
Allohahella	1855402	G	366	8	374	0.00001
Gynuella	1445504	G	682	15	697	0.00002
Saccharospirillum	231683	G	579	20	599	0.00002
Salinispirillum	1649491	G	568	16	584	0.00002
Reinekea	230494	G	405	11	416	0.00001
Aliikangiella	1920241	G	624	3	627	0.00002
Pleionea	1502941	G	300	13	313	0.00001
Marinicellulosiphila	3414216	G	464	16	480	0.00002
Spartinivicinus	2768738	G	410	13	423	0.00001
Pokkaliibacter	2301194	G	349	18	367	0.00001
Oleiphilus	141450	G	340	17	357	0.00001
Litorivicinus	418700	G	188	3	191	0.00001
Vibrio	662	G	56503	7329	63832	0.00205
Photobacterium	657	G	9432	2086	11518	0.00037
Grimontia	246861	G	1858	97	1955	0.00006
Aliivibrio	511678	G	1428	314	1742	0.00006
Salinivibrio	51366	G	1050	57	1107	0.00004
Enterovibrio	188143	G	805	41	846	0.00003
Parasalinivibrio	3378804	G	514	34	548	0.00002
Paraphotobacterium	2042066	G	447	40	487	0.00002
Thaumasiovibrio	2014233	G	397	35	432	0.00001
Acinetobacter	469	G	32897	39465	72362	0.00232
Psychrobacter	497	G	6885	579	7464	0.00024
Moraxella	475	G	3633	501	4134	0.00013
Faucicola	1604696	G	916	215	1131	0.00004
Lwoffella	3444169	G	635	87	722	0.00002
Aquirhabdus	2824158	G	127	11	138	0.00000
Aeromonas	642	G	26474	15652	42126	0.00135
Zobellella	347533	G	2855	791	3646	0.00012
Oceanimonas	129577	G	1854	503	2357	0.00008
Oceanisphaera	225143	G	1046	36	1082	0.00003
Pseudaeromonas	1929090	G	929	69	998	0.00003
Dongshaea	2802288	G	700	24	724	0.00002
Tolumonas	43947	G	538	87	625	0.00002
Succinivibrio	83770	G	1181	3	1184	0.00004
Lonepinella	53416	G	5574	104	5678	0.00018
Haemophilus	724	G	5411	1503	6914	0.00022
Actinobacillus	713	G	3905	976	4881	0.00016
Pasteurella	745	G	2917	1911	4828	0.00015
Mannheimia	75984	G	2790	357	3147	0.00010
Aggregatibacter	416916	G	2335	263	2598	0.00008
Gallibacterium	155493	G	1721	898	2619	0.00008
Avibacterium	292486	G	1585	278	1863	0.00006
Rodentibacter	1960084	G	1343	71	1414	0.00005
Glaesserella	2094023	G	1077	351	1428	0.00005
Testudinibacter	1755672	G	962	21	983	0.00003
Basfia	697331	G	672	57	729	0.00002
Bibersteinia	476528	G	607	224	831	0.00003
Histophilus	214906	G	504	169	673	0.00002
Bisgaardia	109471	G	472	22	494	0.00002
Mergibacter	2899790	G	380	17	397	0.00001
Phocoenobacter	146805	G	343	115	458	0.00001
Frederiksenia	1649317	G	319	75	394	0.00001
Otariodibacter	1249016	G	263	13	276	0.00001
Vespertiliibacter	1520333	G	129	7	136	0.00000
Ectothiorhodospira	1051	G	3994	218	4212	0.00014
Thioalkalivibrio	106633	G	2238	229	2467	0.00008
Spiribacter	1335745	G	1435	30	1465	0.00005
Acidihalobacter	1765964	G	1335	58	1393	0.00004
Halorhodospira	85108	G	824	6	830	0.00003
Aquisalimonas	406099	G	764	8	772	0.00002
Alkalilimnicola	133193	G	717	63	780	0.00003
Sediminicurvatus	3383961	G	545	8	553	0.00002
Ectothiorhodosinus	233099	G	378	19	397	0.00001
Thiorhodovibrio	61593	G	2979	73	3052	0.00010
Nitrosococcus	1227	G	1463	11	1474	0.00005
Thiocapsa	1056	G	1396	49	1445	0.00005
Rheinheimera	67575	G	1390	318	1708	0.00005
Thiodictyon	53392	G	947	19	966	0.00003
Allochromatium	85072	G	862	50	912	0.00003
Marichromatium	85076	G	681	63	744	0.00002
Thiocystis	13724	G	592	28	620	0.00002
Thioflavicoccus	156885	G	458	13	471	0.00002
Thermochromatium	85073	G	390	19	409	0.00001
Caldichromatium	2828366	G	351	14	365	0.00001
Candidatus Nitrosacidococcus	2796146	G	324	5	329	0.00001
Candidatus Nitrosoglobus	1980513	G	126	3	129	0.00000
Magnetovirga	3425870	G	1061	18	1079	0.00003
Candidatus Thiodiazotropha	1913444	G	802	12	814	0.00003
Thiosocius	2780488	G	731	6	737	0.00002
Thiolapillus	1608298	G	704	4	708	0.00002
Sedimenticola	349742	G	660	11	671	0.00002
Candidatus Endoriftia	393764	G	383	15	398	0.00001
Halothiobacillus	109262	G	1342	46	1388	0.00004
Granulosicoccus	437504	G	680	2	682	0.00002
Sulfuriflexus	1860077	G	301	3	304	0.00001
Wenzhouxiangella	1676142	G	725	8	733	0.00002
Guyparkeria	2035712	G	654	36	690	0.00002
Microbulbifer	48073	G	12695	262	12957	0.00042
Cellvibrio	10	G	2415	374	2789	0.00009
Teredinibacter	2425	G	1991	36	2027	0.00007
Simiduia	447467	G	1494	31	1525	0.00005
Marinimicrobium	359337	G	1123	171	1294	0.00004
Gilvimarinus	940550	G	946	14	960	0.00003
Saccharophagus	316625	G	572	18	590	0.00002
Maricurvus	1122283	G	556	7	563	0.00002
Agarilytica	2036021	G	374	4	378	0.00001
Marinagarivorans	1792291	G	312	12	324	0.00001
Agaribacterium	2038244	G	220	3	223	0.00001
Halioglobus	1217416	G	1312	27	1339	0.00004
Congregibacter	393661	G	981	174	1155	0.00004
Kineobactrum	2678529	G	431	5	436	0.00001
Luminiphilus	1341118	G	364	1	365	0.00001
Candidatus Paraluminiphilus	3040948	G	158	2	160	0.00001
Aequoribacter	2847769	G	155	26	181	0.00001
Spongiibacter	630749	G	1155	119	1274	0.00004
Oceanicoccus	1084558	G	297	2	299	0.00001
Zhongshania	1434050	G	278	20	298	0.00001
Porticoccus	1123967	G	100	2	102	0.00000
Methylomonas	416	G	9900	161	10061	0.00032
Methylococcus	413	G	2704	166	2870	0.00009
Methylocaldum	73778	G	2369	190	2559	0.00008
Methylobacter	429	G	1981	108	2089	0.00007
Methylotuvimicrobium	2822410	G	1802	59	1861	0.00006
Methylomagnum	1760987	G	1070	13	1083	0.00003
Methylomicrobium	39773	G	1017	49	1066	0.00003
Candidatus Methylospira	1808977	G	954	28	982	0.00003
Methylomarinum	1221209	G	772	74	846	0.00003
Candidatus Methylocalor	3135206	G	710	4	714	0.00002
Methylogaea	1295378	G	652	24	676	0.00002
Methylovulum	762296	G	533	12	545	0.00002
Methyloprofundus	1565313	G	309	6	315	0.00001
Methylomarinovum	1486720	G	728	2	730	0.00002
Thiomicrorhabdus	2039723	G	2443	47	2490	0.00008
Thiomicrospira	933	G	1639	149	1788	0.00006
Methylophaga	40222	G	1606	424	2030	0.00007
Hydrogenovibrio	28884	G	700	124	824	0.00003
Piscirickettsia	1237	G	556	12	568	0.00002
Cycloclasticus	34067	G	526	91	617	0.00002
Thiosulfativibrio	2781120	G	240	5	245	0.00001
Thiosulfatimonas	2781121	G	142	5	147	0.00000
Francisella	262	G	5034	98	5132	0.00016
Allofrancisella	1869285	G	612	10	622	0.00002
Thiothrix	1030	G	3926	32	3958	0.00013
Beggiatoa	1021	G	700	2	702	0.00002
Cysteiniphilum	2056696	G	328	6	334	0.00001
Legionella	445	G	10399	316	10715	0.00034
Fluoribacter	461	G	457	30	487	0.00002
Rickettsiella	59195	G	4095	34	4129	0.00013
Coxiella	776	G	729	50	779	0.00002
Aquicella	254245	G	711	721	1432	0.00005
Candidiatus Paracoxiella	3405119	G	190	2	192	0.00001
Candidatus Pseudothioglobus	2841677	G	939	67	1006	0.00003
Candidatus Thioglobus	655184	G	526	80	606	0.00002
Candidatus Thiodubiliella	2738885	G	433	53	486	0.00002
Candidatus Vesicomyidisocius	2732587	G	300	4	304	0.00001
Candidatus Ruthturnera	1541743	G	144	5	149	0.00000
Candidatus Vondammii	2686004	G	410	671	1081	0.00003
Candidatus Reidiella	2738850	G	515	3	518	0.00002
Candidatus Palibaumannia	198346	G	413	8	421	0.00001
Celerinatantimonas	412033	G	322	7	329	0.00001
Candidatus Steffania	1076625	G	190	1	191	0.00001
Candidatus Nardonella	204619	G	40	20	60	0.00000
Candidatus Azoamicus	2817383	G	15	1	16	0.00000
Gilliamella	1193503	G	2999	527	3526	0.00011
Orbus	743714	G	952	21	973	0.00003
Zophobihabitans	2894762	G	576	18	594	0.00002
Utexia	3373510	G	258	13	271	0.00001
Frischella	1335631	G	182	38	220	0.00001
Hydrocarboniphaga	243627	G	1417	23	1440	0.00005
Sinimarinibacterium	1861863	G	713	325	1038	0.00003
Solimonas	413435	G	599	10	609	0.00002
Nevskia	64001	G	471	9	480	0.00002
Flagellatimonas	2893022	G	394	8	402	0.00001
Algiphilus	1266053	G	576	107	683	0.00002
Cardiobacterium	2717	G	1553	126	1679	0.00005
Suttonella	13275	G	447	4	451	0.00001
Dichelobacter	869	G	190	70	260	0.00001
Ignatzschineria	112008	G	700	25	725	0.00002
Wohlfahrtiimonas	582472	G	322	76	398	0.00001
Acidiferrobacter	986106	G	2208	6	2214	0.00007
Sulfurifustis	1692042	G	528	4	532	0.00002
Sulfuricaulis	1744881	G	358	3	361	0.00001
Kangiella	261963	G	1594	42	1636	0.00005
Thiohalobacter	1273155	G	1159	14	1173	0.00004
Candidatus Spongiihabitans	3033996	G	672	2	674	0.00002
Salinisphaera	180541	G	636	610	1246	0.00004
Sulfurivermis	2034504	G	454	472	926	0.00003
Candidatus Foliamicus	3023563	G	387	0	387	0.00001
Immundisolibacter	1934947	G	373	72	445	0.00001
Steroidobacter	469322	G	268	74	342	0.00001
Woeseia	1738655	G	245	0	245	0.00001
Candidatus Rariloculus ( ex Nguyen 2022)	2978114	G	175	0	175	0.00001
Candidatus Portiera	235572	G	165	9	174	0.00001
Candidatus Comchoanobacter	2975286	G	11	0	11	0.00000
Bradyrhizobium	374	G	169149	11515	180664	0.00580
Rhodopseudomonas	1073	G	8415	1012	9427	0.00030
Tardiphaga	1395974	G	5107	348	5455	0.00017
Afipia	1033	G	3833	1090	4923	0.00016
Nitrobacter	911	G	2607	110	2717	0.00009
Rugositalea	3466653	G	1889	45	1934	0.00006
Variibacter	1649510	G	558	12	570	0.00002
Rhizobium	379	G	41696	4823	46519	0.00149
Agrobacterium	357	G	16414	18770	35184	0.00113
Neorhizobium	1525371	G	3942	590	4532	0.00015
Pararhizobium	1612611	G	2943	410	3353	0.00011
Pseudorhizobium	1903858	G	349	127	476	0.00002
Allorhizobium	78526	G	160	259	419	0.00001
Sinorhizobium	28105	G	9062	1423	10485	0.00034
Ensifer	106591	G	3948	445	4393	0.00014
Shinella	323620	G	4203	2689	6892	0.00022
Hoeflea	274591	G	2400	330	2730	0.00009
Georhizobium	2661800	G	920	152	1072	0.00003
Affinirhizobium	3070964	G	792	145	937	0.00003
Liberibacter	34019	G	776	83	859	0.00003
Peteryoungia	2853332	G	666	69	735	0.00002
Terrirhizobium	3464117	G	460	55	515	0.00002
Ciceribacter	1648508	G	330	26	356	0.00001
Lentilitoribacter	1649463	G	313	5	318	0.00001
Paenirhizobium	3070963	G	257	517	774	0.00002
Mesorhizobium	68287	G	51519	3513	55032	0.00177
Nitratireductor	245876	G	3390	917	4307	0.00014
Phyllobacterium	28100	G	3257	179	3436	0.00011
Aminobacter	31988	G	2235	2571	4806	0.00015
Aquibium	2911176	G	1229	131	1360	0.00004
Chelativorans	449972	G	542	139	681	0.00002
Terribium	3143704	G	375	248	623	0.00002
Aquamicrobium	69278	G	80	0	80	0.00000
Methylobacterium	407	G	17929	1725	19654	0.00063
Microvirga	186650	G	4682	186	4868	0.00016
Methylorubrum	2282523	G	4065	1050	5115	0.00016
Labrys	204476	G	7369	1643	9012	0.00029
Ancylobacter	99	G	4038	531	4569	0.00015
Xanthobacter	279	G	2911	2526	5437	0.00017
Pseudolabrys	556257	G	1716	91	1807	0.00006
Aquabacter	45402	G	917	30	947	0.00003
Starkeya	152053	G	651	31	682	0.00002
Azorhizobium	6	G	463	42	505	0.00002
Devosia	46913	G	11826	444	12270	0.00039
Pelagibacterium	1082930	G	3240	537	3777	0.00012
Paradevosia	1573407	G	1242	267	1509	0.00005
Mariluticola	3064792	G	682	17	699	0.00002
Maritalea	623276	G	624	11	635	0.00002
Roseibium	150830	G	6975	1646	8621	0.00028
Stappia	152161	G	2529	795	3324	0.00011
Breoghania	1406135	G	1688	88	1776	0.00006
Labrenzia	478070	G	1163	672	1835	0.00006
Pannonibacter	227873	G	1043	1881	2924	0.00009
Pseudovibrio	258255	G	804	74	878	0.00003
Bosea	85413	G	13893	1036	14929	0.00048
Brucella	234	G	5710	3748	9458	0.00030
Ochrobactrum	528	G	663	149	812	0.00003
Pseudochrobactrum	354349	G	2030	769	2799	0.00009
Methylocystis	133	G	5936	314	6250	0.00020
Methylosinus	425	G	2290	119	2409	0.00008
Bartonella	773	G	8310	374	8684	0.00028
Aureimonas	414371	G	3409	1254	4663	0.00015
Martelella	293088	G	2231	1021	3252	0.00010
Jiella	1775688	G	881	52	933	0.00003
Antarcticirhabdus	3042730	G	661	82	743	0.00002
Aurantimonas	182269	G	482	55	537	0.00002
Methylovirgula	1156568	G	2976	135	3111	0.00010
Methylocella	120652	G	1363	48	1411	0.00005
Methylocapsa	184923	G	1045	61	1106	0.00004
Beijerinckia	532	G	390	18	408	0.00001
Reyranella	445219	G	5477	140	5617	0.00018
Hyphomicrobium	81	G	2577	56	2633	0.00008
Rhodomicrobium	1068	G	1006	26	1032	0.00003
Methyloceanibacter	1484898	G	662	13	675	0.00002
Methyloligella	1485594	G	284	8	292	0.00001
Filomicrobium	119044	G	160	5	165	0.00001
Oricola	1594166	G	1614	166	1780	0.00006
Roseitalea	1915401	G	783	55	838	0.00003
Ahrensia	152180	G	477	5	482	0.00002
Oceaniradius	2679892	G	404	440	844	0.00003
Pyruvatibacter	1742974	G	810	46	856	0.00003
Candidatus Phaeomarinibacter	1541445	G	642	8	650	0.00002
Tepidicaulis	1742977	G	517	610	1127	0.00004
Kaustia	2838250	G	490	17	507	0.00002
Parvibaculum	256616	G	431	597	1028	0.00003
Anderseniella	444432	G	255	25	280	0.00001
Pleomorphomonas	261933	G	2142	451	2593	0.00008
Hartmannibacter	1572860	G	759	170	929	0.00003
Enhydrobacter	212791	G	1245	45	1290	0.00004
Nordella	169055	G	610	7	617	0.00002
Pseudorhodoplanes	1734920	G	539	13	552	0.00002
Terrihabitans	2874214	G	319	12	331	0.00001
Candidatus Hodgkinia	573657	G	77	0	77	0.00000
Candidatus Endowatersipora	376743	G	66	0	66	0.00000
Cohaesibacter	655352	G	2453	78	2531	0.00008
Phreatobacter	1632780	G	1990	120	2110	0.00007
Acuticoccus	1904377	G	1852	59	1911	0.00006
Kaistia	166953	G	775	76	851	0.00003
Bauldia	1145345	G	565	11	576	0.00002
Blastochloris	59282	G	1049	86	1135	0.00004
Chelatococcus	28209	G	1035	114	1149	0.00004
Lichenihabitans	2723776	G	867	15	882	0.00003
Alsobacter	1502180	G	791	57	848	0.00003
Terrirubrum	3142786	G	716	14	730	0.00002
Chenggangzhangella	2041902	G	672	30	702	0.00002
Rhodoligotrophos	987053	G	588	11	599	0.00002
Methyloraptor	3382645	G	514	44	558	0.00002
Salinarimonas	690086	G	464	36	500	0.00002
Aestuariivirga	2650923	G	369	8	377	0.00001
Afifella	643217	G	322	72	394	0.00001
Coralliovum	3228940	G	260	6	266	0.00001
Salaquimonas	2712688	G	255	4	259	0.00001
Sulfitobacter	60136	G	8442	1840	10282	0.00033
Roseovarius	74030	G	5947	671	6618	0.00021
Leisingera	191028	G	3472	346	3818	0.00012
Phaeobacter	302485	G	3369	984	4353	0.00014
Roseobacter	2433	G	2727	67	2794	0.00009
Ruegeria	97050	G	1999	262	2261	0.00007
Thalassovita	335927	G	1957	92	2049	0.00007
Pseudosulfitobacter	2854186	G	1751	934	2685	0.00009
Jannaschia	188905	G	1667	60	1727	0.00006
Alloyangia	2919626	G	1600	118	1718	0.00006
Salipiger	263377	G	1376	1059	2435	0.00008
Sagittula	58842	G	1351	662	2013	0.00006
Celeribacter	875170	G	1320	601	1921	0.00006
Falsihalocynthiibacter	2854182	G	1273	38	1311	0.00004
Octadecabacter	53945	G	1187	206	1393	0.00004
Roseivivax	93682	G	1177	169	1346	0.00004
Roseicyclus	336277	G	1064	30	1094	0.00004
Marinovum	367771	G	1000	150	1150	0.00004
Tateyamaria	299261	G	912	23	935	0.00003
Ketogulonicigenium	92944	G	882	216	1098	0.00004
Shimia	573139	G	821	66	887	0.00003
Palleronia	315422	G	787	20	807	0.00003
Mameliella	1434019	G	723	105	828	0.00003
Phycobium	3479963	G	652	12	664	0.00002
Rhodophyticola	2680018	G	608	10	618	0.00002
Dinoroseobacter	309512	G	523	366	889	0.00003
Thalassococcus	436357	G	503	6	509	0.00002
Loktanella	245186	G	480	22	502	0.00002
Marivita	659428	G	468	17	485	0.00002
Aliisedimentitalea	1697958	G	442	50	492	0.00002
Antarctobacter	74032	G	431	11	442	0.00001
Oceanicola	252301	G	427	16	443	0.00001
Actibacterium	1433986	G	376	344	720	0.00002
Seohaeicola	481178	G	372	22	394	0.00001
Aliiphycobium	3479962	G	367	27	394	0.00001
Pelagimonas	1434029	G	300	17	317	0.00001
Ponticoccus	983507	G	295	32	327	0.00001
Thalassovivens	3680327	G	239	7	246	0.00001
Thalassobacter	266808	G	223	5	228	0.00001
Algirhabdus	3412738	G	220	2	222	0.00001
Tropicibacter	599653	G	214	9	223	0.00001
Lentibacter	1434014	G	188	17	205	0.00001
Nereida	282198	G	88	0	88	0.00000
Paracoccus	265	G	16018	6209	22227	0.00071
Tabrizicola	1443919	G	2368	481	2849	0.00009
Thioclava	285107	G	2358	296	2654	0.00009
Pseudooceanicola	1679449	G	2229	182	2411	0.00008
Cereibacter	1653176	G	2195	506	2701	0.00009
Yoonia	2211641	G	2123	313	2436	0.00008
Tritonibacter	2083206	G	1468	1100	2568	0.00008
Rhodovulum	34008	G	1187	111	1298	0.00004
Limimaricola	2211638	G	1137	183	1320	0.00004
Aliiroseovarius	1658781	G	1052	80	1132	0.00004
Roseinatronobacter	121820	G	972	25	997	0.00003
Paroceanicella	2683599	G	842	333	1175	0.00004
Pontivivens	1844015	G	806	135	941	0.00003
Gymnodinialimonas	2937410	G	805	32	837	0.00003
Profundibacter	2778525	G	785	13	798	0.00003
Neotabrizicola	2946607	G	758	172	930	0.00003
Albidovulum	205889	G	648	21	669	0.00002
Abyssibius	3029205	G	630	63	693	0.00002
Polymorphum	991903	G	624	452	1076	0.00003
Pelagovum	2795377	G	575	81	656	0.00002
Pacificitalea	2846749	G	551	217	768	0.00002
Marinibacterium	1931200	G	533	49	582	0.00002
Vannielia	2813041	G	519	16	535	0.00002
Amaricoccus	56999	G	511	49	560	0.00002
Parasedimentitalea	2738399	G	508	21	529	0.00002
Frigidibacter	1775705	G	506	347	853	0.00003
Silicimonas	1955420	G	504	11	515	0.00002
Paragemmobacter	3143992	G	495	185	680	0.00002
Roseicitreum	1209946	G	463	6	469	0.00002
Pikeienuella	2831955	G	446	121	567	0.00002
Pukyongiella	2831925	G	434	177	611	0.00002
Brevirhabdus	1855413	G	427	435	862	0.00003
Gemmobacter	204456	G	424	90	514	0.00002
Pseudogemmobacter	2663134	G	417	21	438	0.00001
Pseudorhodobacter	238783	G	405	19	424	0.00001
Marivivens	1759396	G	398	43	441	0.00001
Amylibacter	1617805	G	396	7	403	0.00001
Falsirhodobacter	1434002	G	381	30	411	0.00001
Pseudoroseicyclus	1813601	G	372	17	389	0.00001
Nioella	1775424	G	367	14	381	0.00001
Pseudopelagicola	1649483	G	353	4	357	0.00001
Arenibacterium	2824249	G	353	104	457	0.00001
Cognatishimia	2211635	G	341	15	356	0.00001
Fontisubflavum	3118803	G	333	5	338	0.00001
Haematobacter	366614	G	314	518	832	0.00003
Algicella	3050722	G	311	7	318	0.00001
Fuscovulum	2818469	G	283	52	335	0.00001
Planktomarina	1284657	G	230	11	241	0.00001
Pseudophaeobacter	1541822	G	208	106	314	0.00001
Qingshengfaniella	2816884	G	173	7	180	0.00001
Aestuariibius	2109360	G	163	4	167	0.00001
Rhodobacter	1060	G	2800	663	3463	0.00011
Sphingomonas	13687	G	35474	11892	47366	0.00152
Novosphingobium	165696	G	11993	2898	14891	0.00048
Stakelama	1124625	G	540	75	615	0.00002
Alterisphingorhabdus (ex Yan et al. 2024)	3382518	G	292	2	294	0.00001
Sphingosinithalassobacter	2676233	G	279	14	293	0.00001
Hankyongella	1763827	G	254	26	280	0.00001
Parablastomonas	1654718	G	248	14	262	0.00001
Citromicrobium	72173	G	215	34	249	0.00001
Tardibacter	2685927	G	162	259	421	0.00001
Erythrobacter	1041	G	5021	556	5577	0.00018
Porphyrobacter	1111	G	981	238	1219	0.00004
Qipengyuania	1855416	G	5493	646	6139	0.00020
Altererythrobacter	361177	G	2120	202	2322	0.00007
Croceicoccus	1295327	G	1481	503	1984	0.00006
Tsuneonella	2800686	G	1207	110	1317	0.00004
Aurantiacibacter	2800681	G	1202	61	1263	0.00004
Pseudoblastomonas	3423750	G	936	134	1070	0.00003
Croceibacterium	2676755	G	774	42	816	0.00003
Caenibius	2827482	G	627	96	723	0.00002
Pelagerythrobacter	2800685	G	600	187	787	0.00003
Parerythrobacter	2800684	G	282	24	306	0.00001
Paraurantiacibacter	2800682	G	115	4	119	0.00000
Sphingobium	165695	G	12611	9495	22106	0.00071
Sphingopyxis	165697	G	9976	1923	11899	0.00038
Sphingorhabdus	1434046	G	3349	207	3556	0.00011
Parasphingorhabdus	2709685	G	2570	121	2691	0.00009
Novosphingopyxis	2709686	G	866	170	1036	0.00003
Sphingosinicella	335405	G	1153	677	1830	0.00006
Polymorphobacter	1508451	G	744	118	862	0.00003
Glacieibacterium	2860235	G	494	95	589	0.00002
Sandaracinobacteroides	2883109	G	414	13	427	0.00001
Rhizorhabdus	1649486	G	1550	931	2481	0.00008
Alterirhizorhabdus	3423723	G	444	50	494	0.00002
Allosphingosinicella	2823232	G	948	77	1025	0.00003
Sphingomicrobium	1227948	G	850	71	921	0.00003
Parasphingopyxis	1234545	G	1020	32	1052	0.00003
Blastomonas	150203	G	829	67	896	0.00003
Zymomonas	541	G	668	399	1067	0.00003
Aquisediminimonas	2676781	G	484	21	505	0.00002
Azospirillum	191	G	16279	1115	17394	0.00056
Skermanella	204447	G	3535	1103	4638	0.00015
Niveispirillum	1543704	G	1506	289	1795	0.00006
Nitrospirillum	1543705	G	1161	107	1268	0.00004
Indioceanicola	2478349	G	586	47	633	0.00002
Ferrovibrio	1231242	G	1937	54	1991	0.00006
Magnetospirillum	13134	G	1929	479	2408	0.00008
Rhodospirillum	1081	G	1302	82	1384	0.00004
Pararhodospirillum	1612157	G	611	23	634	0.00002
Aerophototrophica	2811387	G	542	24	566	0.00002
Defluviicoccus	111830	G	407	55	462	0.00001
Candidatus Endolissoclinum	1263978	G	165	1	166	0.00001
Thalassospira	168934	G	4393	366	4759	0.00015
Magnetospira	1182780	G	409	8	417	0.00001
Nisaea	390876	G	1360	166	1526	0.00005
Thalassobaculum	526215	G	1171	138	1309	0.00004
Pelagibius	643951	G	1348	30	1378	0.00004
Algihabitans	2821512	G	1074	20	1094	0.00004
Hypericibacter	2705399	G	1513	86	1599	0.00005
Aestuariispira	1647175	G	749	94	843	0.00003
Hwanghaeella	2605940	G	625	33	658	0.00002
Terasakiella	196080	G	1170	8	1178	0.00004
Caenispirillum	414051	G	780	59	839	0.00003
Haematospirillum	1804663	G	232	6	238	0.00001
Allostella	93	G	606	22	628	0.00002
Paramagnetospirillum	3031148	G	600	403	1003	0.00003
Varunaivibrio	1866954	G	403	9	412	0.00001
Zavarzinia	204446	G	353	10	363	0.00001
Acetobacter	434	G	4664	695	5359	0.00017
Komagataeibacter	1434011	G	2777	557	3334	0.00011
Gluconobacter	441	G	2342	580	2922	0.00009
Rhodovastum	504465	G	1200	71	1271	0.00004
Granulibacter	364409	G	1170	92	1262	0.00004
Lichenicola	2804525	G	1072	40	1112	0.00004
Pararoseomonas	2870712	G	855	607	1462	0.00005
Asaia	91914	G	832	729	1561	0.00005
Lichenicoccus	2781897	G	787	39	826	0.00003
Nguyenibacter	1519186	G	607	45	652	0.00002
Kozakia	153497	G	600	123	723	0.00002
Novacetimonas	2919364	G	502	77	579	0.00002
Rhodopila	1070	G	496	20	516	0.00002
Acidibrevibacterium	2603324	G	461	108	569	0.00002
Gluconacetobacter	89583	G	457	39	496	0.00002
Candidatus Kirkpatrickella	3097638	G	260	14	274	0.00001
Commensalibacter	1079922	G	248	18	266	0.00001
Entomobacter	2811380	G	230	11	241	0.00001
Parasaccharibacter	1602345	G	227	6	233	0.00001
Oecophyllibacter	2791118	G	215	4	219	0.00001
Aristophania	3027666	G	182	10	192	0.00001
Neoasaia	320496	G	178	15	193	0.00001
Swingsia	1649499	G	149	31	180	0.00001
Formicincola	2952773	G	136	2	138	0.00000
Neokomagataea	1223423	G	76	7	83	0.00000
Roseomonas	125216	G	6343	1503	7846	0.00025
Sediminicoccus	1706033	G	1633	206	1839	0.00006
Roseococcus	35812	G	671	117	788	0.00003
Muricoccus	3409995	G	653	73	726	0.00002
Dankookia	1940143	G	610	57	667	0.00002
Humitalea	1223303	G	441	19	460	0.00001
Acidiphilium	522	G	893	50	943	0.00003
Acidocella	50709	G	765	44	809	0.00003
Acidisoma	512381	G	431	16	447	0.00001
Elioraea	457933	G	447	11	458	0.00001
Brevundimonas	41275	G	14253	2938	17191	0.00055
Caulobacter	75	G	8643	618	9261	0.00030
Asticcacaulis	76890	G	5379	211	5590	0.00018
Phenylobacterium	20	G	3557	302	3859	0.00012
Terricaulis	2768684	G	447	13	460	0.00001
Wolbachia	953	G	4112	334	4446	0.00014
Ehrlichia	943	G	1081	47	1128	0.00004
Anaplasma	768	G	267	5	272	0.00001
Candidatus Mesenet	2883098	G	223	24	247	0.00001
Candidatus Neoehrlichia	467749	G	208	18	226	0.00001
Neorickettsia	33993	G	196	74	270	0.00001
Rickettsia	780	G	3011	114	3125	0.00010
Candidatus Tisiphia	2996317	G	1704	131	1835	0.00006
Orientia	69474	G	533	1	534	0.00002
Candidatus Trichorickettsia	1522201	G	302	2	304	0.00001
Candidatus Sneabacter	2601645	G	32	0	32	0.00000
Candidatus Phycorickettsia	2115980	G	232	0	232	0.00001
Candidatus Megaera	1742636	G	69	0	69	0.00000
Candidatus Lariskella	1175554	G	940	16	956	0.00003
Candidatus Bandiella	2716172	G	204	2	206	0.00001
Candidatus Midichloria	411566	G	123	7	130	0.00000
Candidatus Fokinia	1802983	G	68	203	271	0.00001
Candidatus Deianiraea	2603321	G	186	1	187	0.00001
Oceanicaulis	153232	G	1267	52	1319	0.00004
Hyphobacterium	2004661	G	1032	395	1427	0.00005
Maricaulis	74317	G	800	32	832	0.00003
Glycocaulis	1433402	G	681	179	860	0.00003
Marinicauda	1649466	G	238	98	336	0.00001
Litorimonas	1167830	G	734	9	743	0.00002
Fretibacter	1649331	G	423	5	428	0.00001
Algimonas	1246884	G	208	2	210	0.00001
Candidatus Pelagibacter	198251	G	4226	74	4300	0.00014
Candidatus Fonsibacter	2045213	G	237	7	244	0.00001
Hyphococcus	2038635	G	2436	15	2451	0.00008
Parvularcula	208215	G	1207	268	1475	0.00005
Aquisalinus	1795639	G	314	7	321	0.00001
Tistrella	171436	G	3131	2091	5222	0.00017
Marinivivus	3457535	G	476	16	492	0.00002
Hyphomonas	85	G	2392	373	2765	0.00009
Candidatus Viadribacter	2892997	G	364	8	372	0.00001
Hirschia	2723	G	224	2	226	0.00001
Kordiimonas	288021	G	1746	26	1772	0.00006
Gimibacter	3058346	G	475	5	480	0.00002
Temperatibacter	1549129	G	464	5	469	0.00002
Pseudemcibacter	2943291	G	774	21	795	0.00003
Emcibacter	1602338	G	603	16	619	0.00002
Paremcibacter	2813804	G	511	17	528	0.00002
Luteithermobacter	2813803	G	452	51	503	0.00002
Candidatus Cytomitobacter	2601574	G	365	6	371	0.00001
Candidatus Bealeia	1920992	G	329	285	614	0.00002
Candidatus Hydrogenosomobacter	2654634	G	191	0	191	0.00001
Candidatus Nesciobacter	2601651	G	66	0	66	0.00000
Candidatus Gromoviella	2900571	G	35	0	35	0.00000
Candidatus Bodocaedibacter	3163645	G	284	0	284	0.00001
Candidatus Odyssella	84646	G	151	0	151	0.00000
Candidatus Paracaedibacter	1521255	G	83	0	83	0.00000
Candidatus Nucleicultrix	1509243	G	283	3	286	0.00001
Sneathiella	510690	G	963	18	981	0.00003
Minwuia	2493629	G	948	30	978	0.00003
Candidatus Ponderosibacter	3457287	G	333	4	337	0.00001
Candidatus Puniceispirillum	767891	G	287	11	298	0.00001
Candidatus Levibacter	3457288	G	233	3	236	0.00001
Radicibacter	3462474	G	515	169	684	0.00002
Paraburkholderia	1822464	G	26922	3118	30040	0.00096
Burkholderia	32008	G	25834	8731	34565	0.00111
Cupriavidus	106589	G	18487	7153	25640	0.00082
Polynucleobacter	44013	G	8918	228	9146	0.00029
Ralstonia	48736	G	8233	2409	10642	0.00034
Pandoraea	93217	G	6956	1849	8805	0.00028
Caballeronia	1827195	G	6168	953	7121	0.00023
Mycetohabitans	2571159	G	980	65	1045	0.00003
Robbsia	2038280	G	968	71	1039	0.00003
Limnobacter	131079	G	864	188	1052	0.00003
Mycoavidus	1810868	G	842	43	885	0.00003
Trinickia	2571160	G	817	75	892	0.00003
Pararobbsia	2718863	G	722	47	769	0.00002
Candidatus Vallotiella	2018044	G	637	69	706	0.00002
Ephemeroptericola	2680021	G	445	32	477	0.00002
Imbroritus	3422601	G	339	136	475	0.00002
Lautropia	47670	G	327	1236	1563	0.00005
Variovorax	34072	G	17121	3946	21067	0.00068
Comamonas	283	G	10732	5928	16660	0.00053
Acidovorax	12916	G	10393	7136	17529	0.00056
Rhodoferax	28065	G	7495	1368	8863	0.00028
Hydrogenophaga	47420	G	6182	2873	9055	0.00029
Ottowia	219181	G	3652	2175	5827	0.00019
Polaromonas	52972	G	3244	237	3481	0.00011
Delftia	80865	G	3100	5342	8442	0.00027
Limnohabitans	665874	G	2452	206	2658	0.00009
Diaphorobacter	238749	G	2324	4215	6539	0.00021
Paracidovorax	3051137	G	1941	950	2891	0.00009
Ramlibacter	174951	G	1705	213	1918	0.00006
Alicycliphilus	201096	G	1537	2421	3958	0.00013
Melaminivora	1649468	G	1273	1065	2338	0.00007
Vandammella	2919468	G	729	32	761	0.00002
Serpentinimonas	2490452	G	712	127	839	0.00003
Verminephrobacter	364316	G	668	38	706	0.00002
Candidatus Symbiobacter	1436289	G	537	6	543	0.00002
Simplicispira	352450	G	426	245	671	0.00002
Brachymonas	28219	G	418	118	536	0.00002
Paenacidovorax	3051138	G	330	89	419	0.00001
Curvibacter	281915	G	307	95	402	0.00001
Pulveribacter	2678886	G	303	69	372	0.00001
Hylemonella	232523	G	169	14	183	0.00001
Massilia	149698	G	12973	2081	15054	0.00048
Pseudoduganella	1522432	G	7992	1275	9267	0.00030
Duganella	75654	G	2223	291	2514	0.00008
Telluria	34069	G	1250	365	1615	0.00005
Rugamonas	212744	G	598	160	758	0.00002
Oxalobacter	846	G	22621	3239	25860	0.00083
Janthinobacterium	29580	G	6603	1078	7681	0.00025
Herbaspirillum	963	G	5879	795	6674	0.00021
Collimonas	202907	G	2469	175	2644	0.00008
Undibacterium	401469	G	1964	212	2176	0.00007
Noviherbaspirillum	1344552	G	1199	119	1318	0.00004
Neoundibacterium	3078232	G	572	79	651	0.00002
Glaciimonas	1229970	G	469	35	504	0.00002
Herminiimonas	303379	G	466	29	495	0.00002
Affinundibacterium	3078230	G	367	20	387	0.00001
Actimicrobium	1051898	G	179	26	205	0.00001
Candidatus Zinderia	884214	G	62	13	75	0.00000
Achromobacter	222	G	17503	10181	27684	0.00089
Bordetella	517	G	8655	5416	14071	0.00045
Alcaligenes	507	G	4423	1681	6104	0.00020
Castellaniella	359336	G	2144	732	2876	0.00009
Pigmentiphaga	152267	G	1925	479	2404	0.00008
Advenella	290425	G	1546	348	1894	0.00006
Oligella	90243	G	1235	278	1513	0.00005
Orrella	1921582	G	1139	325	1464	0.00005
Paralcaligenes	1148163	G	744	53	797	0.00003
Pollutimonas	2987599	G	711	277	988	0.00003
Ampullimonas	1920247	G	617	210	827	0.00003
Neopusillimonas	2987605	G	587	370	957	0.00003
Parapusillimonas	1403714	G	427	688	1115	0.00004
Taylorella	29574	G	389	90	479	0.00002
Pusillimonas	305976	G	351	95	446	0.00001
Kerstersia	257820	G	323	91	414	0.00001
Pelistega	106146	G	309	42	351	0.00001
Paenalcaligenes	1100891	G	257	193	450	0.00001
Basilea	1472344	G	148	20	168	0.00001
Roseateles	93681	G	8970	1121	10091	0.00032
Piscinibacter	1114981	G	2504	380	2884	0.00009
Sphaerotilus	34102	G	2093	988	3081	0.00010
Rubrivivax	28067	G	1815	284	2099	0.00007
Methylibium	316612	G	1459	298	1757	0.00006
Caldimonas	196013	G	1406	620	2026	0.00006
Aquincola	391952	G	967	469	1436	0.00005
Leptothrix	88	G	956	46	1002	0.00003
Ideonella	36862	G	537	554	1091	0.00003
Inhella	644355	G	255	34	289	0.00001
Aquabacterium	92793	G	1497	246	1743	0.00006
Thiomonas	32012	G	1421	83	1504	0.00005
Tepidimonas	114248	G	1390	3863	5253	0.00017
Rhizobacter	212743	G	913	129	1042	0.00003
Eleftheria	1597779	G	878	118	996	0.00003
Xylophilus	54066	G	872	156	1028	0.00003
Piscinibacterium	2066914	G	331	13	344	0.00001
Candidatus Ichthyocystis	2929841	G	254	1	255	0.00001
Sutterella	40544	G	1624	160	1784	0.00006
Duodenibacillus	1980697	G	916	95	1011	0.00003
Turicimonas	1918598	G	339	14	353	0.00001
Neisseria	482	G	15382	2678	18060	0.00058
Kingella	32257	G	2215	418	2633	0.00008
Snodgrassella	1193515	G	1611	141	1752	0.00006
Vitreoscilla	59	G	1278	225	1503	0.00005
Eikenella	538	G	1236	208	1444	0.00005
Conchiformibius	334107	G	1150	95	1245	0.00004
Uruburuella	299568	G	821	114	935	0.00003
Wielerella	2944815	G	757	78	835	0.00003
Alysiella	194195	G	515	61	576	0.00002
Aquella	2593687	G	488	11	499	0.00002
Paralysiella	2898489	G	389	37	426	0.00001
Crenobacter	1654931	G	368	53	421	0.00001
Bergeriella	334108	G	303	57	360	0.00001
Simonsiella	71	G	277	48	325	0.00001
Morococcus	212742	G	34	269	303	0.00001
Chromobacterium	535	G	7280	646	7926	0.00025
Aquitalea	407217	G	2389	216	2605	0.00008
Paludibacterium	400060	G	2047	140	2187	0.00007
Vogesella	57739	G	1102	89	1191	0.00004
Pseudogulbenkiania	568394	G	231	31	262	0.00001
Jeongeupia	885864	G	1594	158	1752	0.00006
Chitinimonas	240411	G	1436	115	1551	0.00005
Chitinibacter	230666	G	1425	542	1967	0.00006
Deefgea	400947	G	1257	182	1439	0.00005
Chitiniphilus	585890	G	1154	291	1445	0.00005
Iodobacter	32014	G	793	231	1024	0.00003
Chitinolyticbacter	1055692	G	579	62	641	0.00002
Silvimonas	300264	G	418	14	432	0.00001
Chitinirhabdus	3683957	G	212	20	232	0.00001
Laribacter	168470	G	673	953	1626	0.00005
Aquaspirillum	187	G	586	46	632	0.00002
Microvirgula	57479	G	547	43	590	0.00002
Nitrosomonas	914	G	3387	1063	4450	0.00014
Nitrosospira	35798	G	2192	20	2212	0.00007
Candidatus Methylopumilus	1679002	G	1973	90	2063	0.00007
Methylophilus	16	G	1335	31	1366	0.00004
Methylovorus	81682	G	846	17	863	0.00003
Methylotenera	359407	G	461	19	480	0.00002
Methylobacillus	404	G	444	166	610	0.00002
Methyloradius	2872156	G	323	13	336	0.00001
Candidatus Nitrotoga	453161	G	1172	39	1211	0.00004
Ferrigenium	2249462	G	955	41	996	0.00003
Sideroxydans	314343	G	903	27	930	0.00003
Sideroxyarcus	2943286	G	634	37	671	0.00002
Ferriphaselus	1443590	G	391	20	411	0.00001
Gallionella	96	G	369	15	384	0.00001
Sulfuricystis	3050898	G	909	635	1544	0.00005
Denitratisoma	311181	G	809	538	1347	0.00004
Methyloversatilis	378210	G	739	43	782	0.00003
Rugosibacter	1914449	G	692	127	819	0.00003
Sulfuritalea	1054211	G	422	18	440	0.00001
Sterolibacterium	157591	G	302	141	443	0.00001
Sulfuriferula	1778653	G	1466	190	1656	0.00005
Sulfurimicrobium	2772198	G	456	18	474	0.00002
Sulfuricella	935200	G	440	15	455	0.00001
Thiobacillus	919	G	1495	706	2201	0.00007
Sulfuritortus	1938335	G	466	325	791	0.00003
Usitatibacter	2803845	G	1685	29	1714	0.00005
Thauera	33057	G	3034	2442	5476	0.00018
Azoarcus	12960	G	2506	624	3130	0.00010
Nitrogeniibacter	2891294	G	1820	83	1903	0.00006
Parazoarcus	2891322	G	589	301	890	0.00003
Pseudothauera	2891324	G	550	209	759	0.00002
Pseudazoarcus	2891323	G	326	143	469	0.00002
Dechloromonas	73029	G	2935	1500	4435	0.00014
Ferribacterium	88875	G	1419	168	1587	0.00005
Azonexus	146936	G	826	619	1445	0.00005
Quatrionicoccus	138117	G	578	115	693	0.00002
Azospira	146937	G	2426	799	3225	0.00010
Aromatoleum	551759	G	1755	313	2068	0.00007
Niveibacterium	1769726	G	1397	106	1503	0.00005
Oryzomicrobium	1911577	G	409	51	460	0.00001
Fluviibacter	2808942	G	133	44	177	0.00001
Candidatus Kinetoplastidibacterium	33055	G	834	128	962	0.00003
Candidatus Accumulibacter	327159	G	706	179	885	0.00003
Candidatus Profftella	1381133	G	649	206	855	0.00003
Chitinivorax	1433992	G	440	144	584	0.00002
Casimicrobium	2706000	G	375	291	666	0.00002
Candidatus Vidania	1191175	G	232	51	283	0.00001
Candidatus Nasuia	1301080	G	62	23	85	0.00000
Ferrovum	416212	G	401	9	410	0.00001
Acidithiobacillus	119977	G	5346	139	5485	0.00018
Thermithiobacillus	119979	G	507	357	864	0.00003
Mariprofundus	377315	G	1286	9	1295	0.00004
Hydrogenophilus	70774	G	705	68	773	0.00002
Magnetococcus	162171	G	573	1	574	0.00002
Desulfovibrio	872	G	105423	9176	114599	0.00368
Pseudodesulfovibrio	2035811	G	20143	3693	23836	0.00076
Nitratidesulfovibrio	2802295	G	15510	5543	21053	0.00068
Bilophila	35832	G	15289	247	15536	0.00050
Maridesulfovibrio	2794998	G	10933	557	11490	0.00037
Solidesulfovibrio	2910984	G	6839	441	7280	0.00023
Mailhella	1981028	G	6532	3448	9980	0.00032
Desulfolutivibrio	2773294	G	4604	209	4813	0.00015
Oleidesulfovibrio	2909705	G	2773	5178	7951	0.00026
Oceanidesulfovibrio	2905722	G	2634	23	2657	0.00009
Megalodesulfovibrio	2910978	G	2266	20	2286	0.00007
Salidesulfovibrio	2950010	G	1686	145	1831	0.00006
Desulfocurvibacter	2582840	G	1683	33	1716	0.00006
Taurinivorans	3126915	G	1574	83	1657	0.00005
Desulfobaculum	1433996	G	1125	57	1182	0.00004
Halodesulfovibrio	1912771	G	1055	72	1127	0.00004
Lawsonia	41707	G	956	120	1076	0.00003
Desulfomicrobium	898	G	4742	278	5020	0.00016
Thermodesulfomicrobium	2905949	G	1253	40	1293	0.00004
Desulfohalobium	45662	G	947	15	962	0.00003
Geobacter	28231	G	8282	499	8781	0.00028
Geomonas	2651583	G	3884	363	4247	0.00014
Geotalea	2910589	G	3132	416	3548	0.00011
Trichlorobacter	115782	G	3076	560	3636	0.00012
Citrifermentans	2883512	G	1913	249	2162	0.00007
Desulfuromonas	890	G	5408	174	5582	0.00018
Pelobacter	18	G	780	982	1762	0.00006
Syntrophotalea	2812025	G	2809	102	2911	0.00009
Geoalkalibacter	392332	G	2304	602	2906	0.00009
Desulfoluna	497721	G	8095	102	8197	0.00026
Desulfosarcina	2299	G	6913	311	7224	0.00023
Desulfobacter	2289	G	2458	95	2553	0.00008
Desulforapulum	2904687	G	672	51	723	0.00002
Desulfobacula	28222	G	639	20	659	0.00002
Desulfonema	45654	G	2919	23	2942	0.00009
Desulfococcus	896	G	914	114	1028	0.00003
Desulfatibacillum	218207	G	1431	11	1442	0.00005
Desulfosudis	2904716	G	940	20	960	0.00003
Desulfobulbus	893	G	2807	394	3201	0.00010
Candidatus Electrothrix	1859128	G	1183	26	1209	0.00004
Desulfurivibrio	427922	G	1029	11	1040	0.00003
Desulfolithobacter	3003266	G	602	15	617	0.00002
Desulfomarina	2894767	G	503	16	519	0.00002
Desulfosediminicola	2886823	G	1657	60	1717	0.00006
Desulforhopalus	40413	G	982	33	1015	0.00003
Desulfofustis	51194	G	895	10	905	0.00003
Desulfopila	429014	G	778	19	797	0.00003
Desulfotalea	109168	G	526	26	552	0.00002
Desulfocapsa	53318	G	516	10	526	0.00002
Thiovibrio	2991701	G	839	595	1434	0.00005
Desulfoferula	3093638	G	1344	6	1350	0.00004
Desulfarculus	453229	G	987	370	1357	0.00004
Syntrophobacter	29526	G	1292	303	1595	0.00005
Desulfoglaeba	361106	G	660	2	662	0.00002
Thermodesulfobacterium	1740	G	656	37	693	0.00002
Thermosulfurimonas	1522431	G	349	2	351	0.00001
Caldimicrobium	444090	G	336	1	337	0.00001
Thermosulfuriphilus	2033601	G	223	0	223	0.00001
Thermodesulfatator	241192	G	269	14	283	0.00001
Syntrophus	43773	G	1189	41	1230	0.00004
Desulfobacca	60892	G	523	0	523	0.00002
Desulfomonile	2357	G	395	0	395	0.00001
Dissulfuribacter	1433998	G	270	2	272	0.00001
Candidatus Desulfofervidus	1902583	G	246	1	247	0.00001
Akkermansia	239934	G	151398	7847	159245	0.00511
Luteolibacter	518753	G	11015	443	11458	0.00037
Verrucomicrobium	2735	G	2828	132	2960	0.00009
Oceaniferula	2886881	G	1834	58	1892	0.00006
Sulfuriroseicoccus	2911469	G	1773	188	1961	0.00006
Haloferula	574899	G	1706	116	1822	0.00006
Roseibacillus	518755	G	1675	110	1785	0.00006
Roseimicrobium	1348508	G	1007	4	1011	0.00003
Fontisphaera	3050007	G	1078	0	1078	0.00003
Opitutus	178440	G	2694	178	2872	0.00009
Ereboglobus	2028344	G	2679	196	2875	0.00009
Termitidicoccus	3126963	G	1913	144	2057	0.00007
Nibricoccus	2576890	G	1819	98	1917	0.00006
Horticoccus	2986286	G	1711	111	1822	0.00006
Actomonas	3138693	G	1704	60	1764	0.00006
Oleiharenicola	2100741	G	1424	243	1667	0.00005
Lacunisphaera	1961799	G	1057	101	1158	0.00004
Synoicihabitans	2892920	G	914	48	962	0.00003
Lotipaludicoccus	3685778	G	519	101	620	0.00002
Congregicoccus	3458163	G	855	23	878	0.00003
Coraliomargarita	442430	G	2935	27	2962	0.00010
Ruficoccus	2175957	G	907	83	990	0.00003
Rubellicoccus	3138622	G	395	17	412	0.00001
Candidatus Pelagisphaera	3049269	G	356	12	368	0.00001
Methylacidiphilum (ex Ratnadevi et al. 2023)	511745	G	835	28	863	0.00003
Methylacidimicrobium	1541670	G	622	56	678	0.00002
Candidatus Xiphinematobacter	134550	G	367	7	374	0.00001
Stieleria	2795973	G	4963	141	5104	0.00016
Bremerella	2714594	G	2071	11	2082	0.00007
Rosistilla	2795779	G	1834	33	1867	0.00006
Anatilimnocola	2807414	G	1390	36	1426	0.00005
Lignipirellula	2795775	G	1127	72	1199	0.00004
Roseimaritima	1579506	G	1081	14	1095	0.00004
Novipirellula	2795426	G	802	13	815	0.00003
Roseiconus	2814446	G	790	780	1570	0.00005
Rhodopirellula	265488	G	753	29	782	0.00003
Aureliella	2795605	G	675	18	693	0.00002
Blastopirellula	265487	G	559	1	560	0.00002
Rubripirellula	1579505	G	459	33	492	0.00002
Mariniblastus	2005380	G	444	0	444	0.00001
Pirellula	123	G	332	1	333	0.00001
Aeoliella	2795781	G	1812	110	1922	0.00006
Lacipirellula	2691417	G	1797	76	1873	0.00006
Pirellulimonas	2795783	G	1073	38	1111	0.00004
Botrimarina	2795782	G	878	62	940	0.00003
Adhaeretor	2862451	G	449	35	484	0.00002
Bythopirellula	1400386	G	408	9	417	0.00001
Thermogutta	1676125	G	390	7	397	0.00001
Gimesia	1649453	G	5159	97	5256	0.00017
Planctomyces	118	G	2658	93	2751	0.00009
Planctomicrobium	1779141	G	2323	36	2359	0.00008
Symmachiella	2795780	G	1499	26	1525	0.00005
Crateriforma	2714592	G	1146	802	1948	0.00006
Alienimonas	2714737	G	884	19	903	0.00003
Planctellipticum	3132181	G	817	15	832	0.00003
Schlesneria	656899	G	806	5	811	0.00003
Planctopirus	1649480	G	718	10	728	0.00002
Caulifigura	2795778	G	702	2	704	0.00002
Maioricimonas	2795777	G	686	32	718	0.00002
Lacunimicrobium	3473513	G	514	5	519	0.00002
Rubinisphaera	1649490	G	487	100	587	0.00002
Stratiformator	3076095	G	400	13	413	0.00001
Calycomorphotria	2795776	G	376	8	384	0.00001
Fuerstiella	1936111	G	350	0	350	0.00001
Thalassoglobus	2795865	G	342	4	346	0.00001
Polystyrenella	2795774	G	271	7	278	0.00001
Singulisphaera	466152	G	6434	434	6868	0.00022
Tundrisphaera	2029859	G	4717	290	5007	0.00016
Aquisphaera	1511635	G	2559	152	2711	0.00009
Paludisphaera	1763521	G	2530	224	2754	0.00009
Tautonia	2680020	G	1887	15	1902	0.00006
Isosphaera	127	G	780	30	810	0.00003
Gemmata	113	G	2722	162	2884	0.00009
Urbifossiella	2807415	G	1675	35	1710	0.00005
Frigoriglobus	2774146	G	1596	160	1756	0.00006
Limnoglobus	2731450	G	1033	53	1086	0.00003
Telmatocola	1382832	G	647	7	654	0.00002
Tuwongella	2051044	G	519	17	536	0.00002
Engelhardtia	3405233	G	759	39	798	0.00003
Saltatorellus	3405235	G	682	90	772	0.00002
Rohdeia	3405237	G	461	1	462	0.00001
Kolteria	3405236	G	733	0	733	0.00002
Sedimentisphaera	2483368	G	1479	574	2053	0.00007
Limihaloglobus	2690160	G	785	0	785	0.00003
Anaerohalosphaera	2690159	G	1392	0	1392	0.00004
Poriferisphaera	2803301	G	803	0	803	0.00003
Phycisphaera	666508	G	538	25	563	0.00002
Mucisphaera	2913022	G	391	105	496	0.00002
Humisphaera	2807511	G	1057	0	1057	0.00003
Fontivita	2989683	G	653	0	653	0.00002
Candidatus Kuenenia	380738	G	1226	0	1226	0.00004
Candidatus Uabimicrobium	2897349	G	1122	0	1122	0.00004
Candidatus Protochlamydia	282132	G	675	9	684	0.00002
Parachlamydia	83551	G	404	7	411	0.00001
Neochlamydia	112987	G	310	2	312	0.00001
Simkania	34093	G	526	3	529	0.00002
Candidatus Neptunichlamydia	1891669	G	205	2	207	0.00001
Candidatus Rhabdochlamydia	292833	G	371	128	499	0.00002
Waddlia	71666	G	295	6	301	0.00001
Candidatus Criblamydia	340070	G	10	0	10	0.00000
Chlamydia	810	G	2166	113	2279	0.00007
Chlamydiifrater	2822114	G	159	2	161	0.00001
Kiritimatiella	1921784	G	1472	1311	2783	0.00009
Tichowtungia	2907187	G	1066	9	1075	0.00003
Candidatus Velamenicoccus	2789201	G	574	0	574	0.00002
Lentisphaera	256846	G	491	0	491	0.00002
Campylobacter	194	G	22434	2549	24983	0.00080
Aliarcobacter	2321111	G	5967	952	6919	0.00022
Arcobacter	28196	G	5132	912	6044	0.00019
Malaciobacter	2321114	G	2747	190	2937	0.00009
Halarcobacter	2321115	G	2469	105	2574	0.00008
Candidatus Marinarcus	2321204	G	649	38	687	0.00002
Poseidonibacter	2321187	G	644	485	1129	0.00004
Helicobacter	209	G	9691	422	10113	0.00032
Wolinella	843	G	753	15	768	0.00002
Sulfurimonas	202746	G	5411	455	5866	0.00019
Thiomicrolovo	3451667	G	1087	743	1830	0.00006
Sulfuricurvum	286130	G	505	11	516	0.00002
Sulfonitrofixus	3451668	G	414	6	420	0.00001
Hydrocurvibacter	3451669	G	351	11	362	0.00001
Sulfurospirillum	57665	G	4181	89	4270	0.00014
Sulfurovum	265570	G	2087	87	2174	0.00007
Nitratifractor	269260	G	408	19	427	0.00001
Hydrogenimonas	223785	G	1608	70	1678	0.00005
Nitrosophilus	2795692	G	1099	92	1191	0.00004
Nitratiruptor	269258	G	677	23	700	0.00002
Nautilia	191291	G	556	8	564	0.00002
Caminibacter	191301	G	520	37	557	0.00002
Hippea	84404	G	237	10	247	0.00001
Myxococcus	32	G	5040	820	5860	0.00019
Corallococcus	83461	G	5040	827	5867	0.00019
Pseudomyxococcus	3434272	G	1138	358	1496	0.00005
Pyxidicoccus	224458	G	800	83	883	0.00003
Archangium	47	G	5548	791	6339	0.00020
Cystobacter	42	G	1807	664	2471	0.00008
Melittangium	44	G	1506	366	1872	0.00006
Stigmatella	40	G	1031	221	1252	0.00004
Anaeromyxobacter	161492	G	5216	265	5481	0.00018
Vulgatibacter	1524214	G	629	24	653	0.00002
Pendulispora	3375062	G	2664	43	2707	0.00009
Sorangium	39643	G	19089	860	19949	0.00064
Polyangium	55	G	1263	79	1342	0.00004
Chondromyces	50	G	1141	19	1160	0.00004
Pajaroellobacter	1882917	G	112	2	114	0.00000
Sandaracinus	1055688	G	1319	34	1353	0.00004
Labilithrix	1524217	G	767	11	778	0.00002
Nannocystis	53	G	1855	31	1886	0.00006
Haliangium	162027	G	1114	27	1141	0.00004
Treponema	157	G	28032	1247	29279	0.00094
Brucepastera	2967962	G	1308	7	1315	0.00004
Marispirochaeta	1911565	G	1508	0	1508	0.00005
Oceanispirochaeta	2035349	G	1066	0	1066	0.00003
Sediminispirochaeta	1911556	G	937	33	970	0.00003
Salinispira	1616789	G	779	1	780	0.00003
Entomospira	2834378	G	699	0	699	0.00002
Candidatus Haliotispira	3115661	G	678	0	678	0.00002
Thiospirochaeta	2792240	G	626	4	630	0.00002
Spirochaeta	146	G	521	0	521	0.00002
Borreliella	64895	G	2576	160	2736	0.00009
Borrelia	138	G	2518	46	2564	0.00008
Breznakiella	2845254	G	1850	54	1904	0.00006
Leadbettera	2951107	G	1358	26	1384	0.00004
Gracilinema	2951106	G	738	35	773	0.00002
Sphaerochaeta	399320	G	2962	102	3064	0.00010
Parasphaerochaeta	3062336	G	515	4	519	0.00002
Leptospira	171	G	6173	214	6387	0.00020
Turneriella	338321	G	446	0	446	0.00001
Brachyspira	29521	G	4257	158	4415	0.00014
Winmispira	3457169	G	688	1	689	0.00002
Thermospira	3024226	G	185	0	185	0.00001
Tunturiibacter	3154218	G	4472	131	4603	0.00015
Terriglobus	392733	G	2846	52	2898	0.00009
Edaphobacter	388463	G	2627	60	2687	0.00009
Granulicella	940557	G	2305	51	2356	0.00008
Telmatobacter	1078829	G	1326	19	1345	0.00004
Silvibacterium	1775468	G	1277	36	1313	0.00004
Occallatibacter	1742983	G	616	7	623	0.00002
Alloacidobacterium	2951993	G	603	10	613	0.00002
Acidobacterium	33973	G	570	22	592	0.00002
Acidisarcina	2608728	G	529	30	559	0.00002
Candidatus Korobacter	658061	G	541	1	542	0.00002
Paludibaculum	1649475	G	1156	0	1156	0.00004
Geothrix	44675	G	5258	511	5769	0.00019
Mesoterricola	3074468	G	2334	504	2838	0.00009
Sulfidibacter	2915177	G	1331	25	1356	0.00004
Acanthopleuribacter	442869	G	682	3	685	0.00002
Thermotomaculum	1172428	G	455	5	460	0.00001
Chloracidobacterium	458032	G	1720	4	1724	0.00006
Luteitalea	2004797	G	1214	47	1261	0.00004
Bdellovibrio	958	G	7139	25	7164	0.00023
Micavibrio	213485	G	929	4	933	0.00003
Pseudobdellovibrio	2862745	G	661	1	662	0.00002
Pigmentibacter	2838409	G	848	41	889	0.00003
Silvanigrella	2024975	G	476	31	507	0.00002
Fluviispira	2698753	G	370	4	374	0.00001
Spirobacillus	495819	G	418	9	427	0.00001
Peredibacter	263370	G	606	0	606	0.00002
Bacteriovorax	146784	G	488	33	521	0.00002
Halobacteriovorax	1652133	G	658	1	659	0.00002
Nitrospira	1234	G	5916	402	6318	0.00020
Leptospirillum	179	G	616	9	625	0.00002
Candidatus Magnetomonas	3459270	G	313	0	313	0.00001
Thermodesulfovibrio	28261	G	1168	16	1184	0.00004
Dissulfurispira	2811506	G	569	2	571	0.00002
Geovibrio	46200	G	745	4	749	0.00002
Denitrovibrio	117999	G	728	6	734	0.00002
Mucispirillum	248038	G	673	16	689	0.00002
Deferribacter	53572	G	575	12	587	0.00002
Flexistipes	2351	G	549	6	555	0.00002
Calditerrivibrio	545865	G	548	4	552	0.00002
Thermocrinis	75905	G	587	1	588	0.00002
Hydrogenobacter	939	G	325	1	326	0.00001
Hydrogenobaculum	168657	G	261	0	261	0.00001
Aquifex	2713	G	212	0	212	0.00001
Pampinifervens	3453421	G	212	0	212	0.00001
Sulfurihydrogenibium	212790	G	695	32	727	0.00002
Persephonella	182899	G	281	0	281	0.00001
Desulfurobacterium	64159	G	409	1	410	0.00001
Thermovibrio	171868	G	200	7	207	0.00001
Elusimicrobium	423604	G	1985	14	1999	0.00006
Parelusimicrobium	3416099	G	384	1	385	0.00001
Endomicrobium	1408194	G	437	6	443	0.00001
Candidatus Endomicrobiellum	3238959	G	359	0	359	0.00001
Caldithrix	187144	G	1746	2	1748	0.00006
Candidatus Caldatribacterium	1454725	G	594	0	594	0.00002
Atribacter	2847777	G	411	1	412	0.00001
Atrimonas	3149264	G	124	129	253	0.00001
Thermatribacter	3240450	G	113	114	227	0.00001
Dictyoglomus	13	G	1480	1	1481	0.00005
Sphaerobacter	2056	G	829	0	829	0.00003
Thermomicrobium	499	G	261	0	261	0.00001
Desulfurispirillum	393029	G	998	269	1267	0.00004
Nitrospina	35800	G	987	2	989	0.00003
Thermodesulfobium	227388	G	680	2	682	0.00002
Thermosulfidibacter	412592	G	475	2	477	0.00002
Caldisericum	693074	G	171	0	171	0.00001
Coprothermobacter	68335	G	150	23	173	0.00001
Zhurongbacter	3470744	G	108	0	108	0.00000
Flavonifractor	946234	G	197851	38559	236410	0.00758
Faecalibacterium	216851	G	106200	25056	131256	0.00421
Pseudoflavonifractor	1017280	G	87996	21819	109815	0.00352
Ruminococcus	1263	G	86717	6304	93021	0.00298
Anaerotruncus	244127	G	72764	29727	102491	0.00329
Dysosmobacter	2591381	G	60841	93360	154201	0.00495
Caproicibacterium	2834348	G	54945	9539	64484	0.00207
Lawsonibacter	2172004	G	48503	6942	55445	0.00178
Vescimonas	2892396	G	44637	27670	72307	0.00232
Oscillibacter	459786	G	36913	31733	68646	0.00220
Ruthenibacterium	1905344	G	35863	5658	41521	0.00133
Subdoligranulum	292632	G	24096	6984	31080	0.00100
Paludihabitans	2038676	G	23516	142	23658	0.00076
Pusillibacter	2892397	G	21784	7622	29406	0.00094
Owariibacterium	3393728	G	21381	12650	34031	0.00109
Ethanoligenens	253238	G	18548	2050	20598	0.00066
Hominenteromicrobium	3073575	G	17873	13188	31061	0.00100
Acidaminobacterium	3570270	G	17856	67	17923	0.00057
Solibaculum	2842531	G	16220	8477	24697	0.00079
Bengtsoniella	3389389	G	16066	174	16240	0.00052
Ruminiclostridium	1508657	G	8814	1141	9955	0.00032
Thermocaproicibacter	3048127	G	8148	2917	11065	0.00035
Petroclostridium	2304687	G	3475	57	3532	0.00011
Amygdalobacter	3079925	G	2532	588	3120	0.00010
Thermoclostridium	2304691	G	2422	510	2932	0.00009
Mageeibacillus	1637257	G	1625	1058	2683	0.00009
Fastidiosipila	236752	G	804	213	1017	0.00003
Clostridium	1485	G	237583	76151	313734	0.01006
Lactonifactor	420345	G	11172	2932	14104	0.00045
Crassaminicella	1848399	G	4950	164	5114	0.00016
Haloimpatiens	1755832	G	4764	506	5270	0.00017
Caloramator	44258	G	4421	539	4960	0.00016
Wukongibacter	1884926	G	3402	53	3455	0.00011
Proteiniclasticum	1155385	G	3028	674	3702	0.00012
Oceanirhabdus	1434026	G	2203	32	2235	0.00007
Candidatus Neoarthromitus	49082	G	1525	106	1631	0.00005
Hathewaya	1769729	G	1159	55	1214	0.00004
Sarcina	1266	G	1141	98	1239	0.00004
Intestinimonas	1392389	G	104583	23425	128008	0.00411
Flintibacter	1918454	G	34219	4259	38478	0.00123
Proteiniborus	415014	G	5930	599	6529	0.00021
Thermaerobacter	73918	G	3863	19	3882	0.00012
Sulfobacillus	28033	G	373	1	374	0.00001
Carboxydocella	178898	G	1302	20	1322	0.00004
Fenollaria	1686313	G	1003	310	1313	0.00004
Levyella	1715798	G	977	271	1248	0.00004
Caproiciproducens	1738645	G	76677	19170	95847	0.00307
Caproicibacter	2576755	G	22563	16967	39530	0.00127
Acutalibacter	1918385	G	21573	901	22474	0.00072
Agathobaculum	2048137	G	38570	10575	49145	0.00158
Butyricicoccus	580596	G	10660	2784	13444	0.00043
Intestinibacillus	1928820	G	1262	9936	11198	0.00036
Eubacterium	1730	G	37093	7713	44806	0.00144
Acetobacterium	33951	G	13368	676	14044	0.00045
Pseudoramibacter	113286	G	2665	88	2753	0.00009
Alkalibacter	274470	G	2094	17	2111	0.00007
Anaerofustis	264995	G	1764	473	2237	0.00007
Desulfitobacterium	36853	G	21550	3327	24877	0.00080
Dehalobacter	56112	G	11905	3671	15576	0.00050
Syntrophobotulus	51196	G	9949	148	10097	0.00032
Desulfosporosinus	79206	G	8226	249	8475	0.00027
Dehalobacterium	51514	G	10668	1897	12565	0.00040
Acididesulfobacillus	2924872	G	7514	80	7594	0.00024
Desulforamulus	2916693	G	4646	565	5211	0.00017
Candidatus Formimonas	2840454	G	4242	51	4293	0.00014
Desulfofarcimen	2282742	G	2496	43	2539	0.00008
Desulfofundulus	2282741	G	1499	180	1679	0.00005
Thermanaerosceptrum	2651578	G	1478	32	1510	0.00005
Phosphitispora	2903061	G	802	115	917	0.00003
Aristaeella	3046369	G	7037	12	7049	0.00023
Fusibacter	76008	G	2625	68	2693	0.00009
Tianxiuia	3680000	G	1670	221	1891	0.00006
Helicovermis	3136917	G	1437	16	1453	0.00005
Desulfoscipio	2867376	G	5514	59	5573	0.00018
Syntrophomonas	862	G	2832	134	2966	0.00010
Syntrophothermus	129001	G	644	29	673	0.00002
Candidatus Syntrophocurvum	2293313	G	544	8	552	0.00002
Heliomicrobium	2831443	G	2707	181	2888	0.00009
Heliorestis	79598	G	1141	3	1144	0.00004
Proteinivorax	1491776	G	2048	21	2069	0.00007
Alkalicella	2838170	G	1723	30	1753	0.00006
Symbiobacterium	2733	G	1945	2	1947	0.00006
Caldinitratiruptor	1006480	G	843	4	847	0.00003
Desulfotomaculum	1562	G	985	439	1424	0.00005
Thermincola	278993	G	776	46	822	0.00003
Blautia	572511	G	114077	53426	167503	0.00537
Lacrimispora	2719231	G	99654	3257	102911	0.00330
Enterocloster	2719313	G	77471	17174	94645	0.00304
Anaerocolumna	1843210	G	62659	318	62977	0.00202
Hungatella	1649459	G	59015	12924	71939	0.00231
Roseburia	841	G	58565	21898	80463	0.00258
Kineothrix	2163168	G	49976	677	50653	0.00162
Mediterraneibacter	2316020	G	43645	34058	77703	0.00249
Lachnoclostridium	1506553	G	42990	9976	52966	0.00170
Otoolea	2941495	G	26572	4882	31454	0.00101
Eisenbergiella	1432051	G	25203	6388	31591	0.00101
Anaerostipes	207244	G	24104	5258	29362	0.00094
Sellimonas	1769710	G	19309	8005	27314	0.00088
Novisyntrophococcus	2888809	G	19283	1358	20641	0.00066
Dorea	189330	G	18462	10996	29458	0.00094
Butyrivibrio	830	G	16047	647	16694	0.00054
Marvinbryantia	248744	G	11797	1353	13150	0.00042
Anaeromicropila	3024823	G	10220	102	10322	0.00033
Simiaoa	2944193	G	9761	5603	15364	0.00049
Anaerobutyricum	2569097	G	8990	3177	12167	0.00039
Wansuia	2944198	G	8303	1292	9595	0.00031
Claveliimonas	3076670	G	7993	3004	10997	0.00035
Agathobacter	1766253	G	7836	36682	44518	0.00143
Qiania	2944195	G	7715	1530	9245	0.00030
Faecalimonas	2005355	G	7190	5427	12617	0.00040
Allocoprococcus	3569723	G	6875	5757	12632	0.00041
Chakrabartyella	3088373	G	5727	198	5925	0.00019
Pseudobutyrivibrio	46205	G	5689	350	6039	0.00019
Lachnoanaerobaculum	1164882	G	5398	821	6219	0.00020
Eshraghiella	3342669	G	4900	1484	6384	0.00020
Chordicoccus	3031933	G	4787	706	5493	0.00018
Jutongia	2944194	G	4690	1014	5704	0.00018
Lachnospira	28050	G	4683	531	5214	0.00017
Anaeropeptidivorans	2997360	G	4598	51	4649	0.00015
Hominifimenecus	3073585	G	4398	15	4413	0.00014
Herbinix	1663717	G	4381	1483	5864	0.00019
Coprococcus	33042	G	4202	1612	5814	0.00019
Stomatobaculum	1213720	G	3721	54	3775	0.00012
Wujia	2944152	G	1947	1059	3006	0.00010
Tyzzerella	1506577	G	1708	111	1819	0.00006
Candidatus Epulonipiscium	2383	G	1417	31	1448	0.00005
Sporofaciens	2811390	G	222	0	222	0.00001
Anaerotignum	2039240	G	12597	3713	16310	0.00052
Vallitalea	1348611	G	6287	54	6341	0.00020
Petrocella	2603323	G	2407	181	2588	0.00008
Cellulosilyticum	698776	G	4631	81	4712	0.00015
Defluviitalea	1185408	G	2471	590	3061	0.00010
Aminipila	2060094	G	26245	1587	27832	0.00089
Anoxybacterium	3408579	G	13381	203	13584	0.00044
Emergencia	1926556	G	11220	2960	14180	0.00045
Sinanaerobacter	2886866	G	10795	302	11097	0.00036
Ihubacter	1926667	G	3934	1077	5011	0.00016
Mogibacterium	86331	G	3117	386	3503	0.00011
Clostridioides	1870884	G	14583	4703	19286	0.00062
Paraclostridium	1849822	G	7140	661	7801	0.00025
Terrisporobacter	1505652	G	6488	439	6927	0.00022
Romboutsia	1501226	G	3822	905	4727	0.00015
Tepidibacter	214904	G	3283	203	3486	0.00011
Peptacetobacter	2743582	G	2864	341	3205	0.00010
Peptostreptococcus	1257	G	1603	432	2035	0.00007
Faecalimicrobium	3120164	G	1179	224	1403	0.00005
Intestinibacter	1505657	G	1097	229	1326	0.00004
Alkaliphilus	114627	G	4215	240	4455	0.00014
Andreesenella	3685825	G	3689	95	3784	0.00012
Serpentinicella	1890059	G	1576	32	1608	0.00005
Geosporobacter	390805	G	3226	109	3335	0.00011
Acetoanaerobium	186831	G	1849	62	1911	0.00006
Filifactor	44259	G	939	646	1585	0.00005
Peptoclostridium	1481960	G	2102	125	2227	0.00007
Caminicella	166484	G	1340	72	1412	0.00005
Thermoanaerobacterium	28895	G	6610	446	7056	0.00023
Thermoanaerobacter	1754	G	4042	254	4296	0.00014
Gelria	189326	G	2995	25	3020	0.00010
Aceticella	3051499	G	1394	28	1422	0.00005
Thermacetogenium	140458	G	980	148	1128	0.00004
Desulfothermobacter	2079011	G	778	1	779	0.00002
Caldanaerobacter	249529	G	686	118	804	0.00003
Ammonifex	42837	G	619	0	619	0.00002
Carboxydothermus	129957	G	570	3	573	0.00002
Candidatus Desulforudis	471826	G	1995	20	2015	0.00006
Christensenella	990721	G	15921	2688	18609	0.00060
Neomoorella	44260	G	6072	25	6097	0.00020
Thermanaeromonas	202949	G	395	0	395	0.00001
Metallumcola	3234175	G	1588	11	1599	0.00005
Zhaonella	2748674	G	1165	21	1186	0.00004
Acetivibrio	35829	G	7261	1512	8773	0.00028
Halanaerobium	2330	G	1487	32	1519	0.00005
Halocella	46466	G	392	508	900	0.00003
Iocasia	2899804	G	203	273	476	0.00002
Halobacteroides	42417	G	843	17	860	0.00003
Acetohalobium	28186	G	640	4	644	0.00002
Natroniella	52003	G	565	19	584	0.00002
Halothermothrix	32636	G	964	15	979	0.00003
Anoxybacter	1769008	G	811	11	822	0.00003
Monoglobus	2039302	G	4705	1427	6132	0.00020
Biomaibacter	2770094	G	2086	29	2115	0.00007
Tepidanaerobacter	499228	G	1317	21	1338	0.00004
Thermosediminibacter	291988	G	1097	5	1102	0.00004
Natranaerofaba	2807497	G	775	2	777	0.00002
Natranaerobius	375928	G	569	3	572	0.00002
Mahella	252965	G	1295	204	1499	0.00005
Koleobacter	2786989	G	1122	8	1130	0.00004
Bacillus	1386	G	95119	118466	213585	0.00685
Lysinibacillus	400634	G	24226	9561	33787	0.00108
Neobacillus	2675232	G	23617	4238	27855	0.00089
Peribacillus	2675229	G	16975	2783	19758	0.00063
Cytobacillus	2675230	G	11070	4011	15081	0.00048
Virgibacillus	84406	G	11036	724	11760	0.00038
Oceanobacillus	182709	G	10897	855	11752	0.00038
Priestia	2800373	G	10650	15832	26482	0.00085
Niallia	2837506	G	8691	2435	11126	0.00036
Metabacillus	2675233	G	7958	1658	9616	0.00031
Heyndrickxia	2837504	G	6471	1618	8089	0.00026
Psychrobacillus	1221880	G	6090	975	7065	0.00023
Mesobacillus	2675231	G	5990	1175	7165	0.00023
Halobacillus	45667	G	5894	647	6541	0.00021
Rossellomorea	2837508	G	5170	903	6073	0.00019
Sutcliffiella	2837511	G	3927	656	4583	0.00015
Gracilibacillus	74385	G	3646	329	3975	0.00013
Shouchella	2893057	G	3551	257	3808	0.00012
Alkalihalobacillus	2675234	G	3308	412	3720	0.00012
Lentibacillus	175304	G	2891	113	3004	0.00010
Salicibibacter	2685905	G	2569	21	2590	0.00008
Terribacillus	459532	G	2480	140	2620	0.00008
Amphibacillus	29331	G	2300	243	2543	0.00008
Salipaludibacillus	1884449	G	2199	117	2316	0.00007
Paraperibacillus	3450404	G	1918	289	2207	0.00007
Evansella	2837485	G	1854	127	1981	0.00006
Salisediminibacterium	1434042	G	1756	107	1863	0.00006
Pontibacillus	289201	G	1715	54	1769	0.00006
Caldifermentibacillus	3034001	G	1691	7562	9253	0.00030
Siminovitchia	2837510	G	1683	168	1851	0.00006
Alkalihalophilus	2893060	G	1531	218	1749	0.00006
Radiobacillus	2785518	G	1485	119	1604	0.00005
Fervidibacillus	3033930	G	1363	151	1514	0.00005
Ornithinibacillus	484508	G	1348	252	1600	0.00005
Anaerobacillus	704093	G	1322	180	1502	0.00005
Robertmurraya	2837507	G	1232	177	1409	0.00005
Salimicrobium	351195	G	1147	60	1207	0.00004
Cerasibacillus	227864	G	1143	157	1300	0.00004
Gottfriedia	2837503	G	1141	158	1299	0.00004
Aeribacillus	1055323	G	1104	1071	2175	0.00007
Ectobacillus	2837502	G	1092	189	1281	0.00004
Tepidibacillus	1494427	G	946	93	1039	0.00003
Lederbergia	2804231	G	946	89	1035	0.00003
Halalkalibacter	2893056	G	919	250	1169	0.00004
Pradoshia	2651279	G	911	153	1064	0.00003
Caldalkalibacillus	379065	G	892	484	1376	0.00004
Alkalicoccus	2005375	G	874	35	909	0.00003
Pseudobacillus	108525	G	867	375	1242	0.00004
Paraliobacillus	200903	G	811	51	862	0.00003
Domibacillus	1433999	G	779	171	950	0.00003
Schinkia	2837509	G	723	129	852	0.00003
Aciduricibacillus	3158337	G	707	87	794	0.00003
Falsibacillus	1270155	G	697	101	798	0.00003
Halalkalibacterium (ex Joshi et al. 2022)	2893055	G	694	149	843	0.00003
Mangrovibacillus	2920444	G	560	159	719	0.00002
Allobacillus	1400133	G	443	35	478	0.00002
Paenalkalicoccus	2944627	G	387	139	526	0.00002
Sediminibacillus	482460	G	369	25	394	0.00001
Alkalibacillus	331654	G	275	10	285	0.00001
Caldibacillus	1276290	G	48	1048	1096	0.00004
Paenibacillus	44249	G	250741	14554	265295	0.00851
Brevibacillus	55080	G	26827	1724	28551	0.00092
Cohnella	329857	G	6876	1579	8455	0.00027
Aneurinibacillus	55079	G	3467	282	3749	0.00012
Saccharibacillus	456492	G	1736	97	1833	0.00006
Thermobacillus	76632	G	1282	142	1424	0.00005
Pristimantibacillus (SeqCode)	2994560	G	943	201	1144	0.00004
Staphylococcus	1279	G	38171	27768	65939	0.00212
Macrococcus	69965	G	4603	1120	5723	0.00018
Mammaliicoccus	2803850	G	4372	1011	5383	0.00017
Salinicoccus	45669	G	2125	202	2327	0.00007
Macrococcoides	3076173	G	1574	731	2305	0.00007
Jeotgalicoccus	227979	G	1191	78	1269	0.00004
Nosocomiicoccus	489909	G	784	79	863	0.00003
Planococcus	1372	G	14301	1966	16267	0.00052
Sporosarcina	1569	G	13748	1933	15681	0.00050
Solibacillus	648800	G	4128	1444	5572	0.00018
Ureibacillus	160795	G	3522	3269	6791	0.00022
Rummeliibacillus	648802	G	2058	503	2561	0.00008
Kurthia	1649	G	1866	475	2341	0.00008
Paenisporosarcina	651660	G	1522	446	1968	0.00006
Viridibacillus	496496	G	1083	238	1321	0.00004
Metasolibacillus	2703677	G	716	164	880	0.00003
Jeotgalibacillus	157226	G	705	165	870	0.00003
Chryseomicrobium	889388	G	687	228	915	0.00003
Geobacillus	129337	G	7533	3322	10855	0.00035
Anoxybacillus	150247	G	3199	896	4095	0.00013
Parageobacillus	1906945	G	2210	1160	3370	0.00011
Thermaerobacillus	3390020	G	665	153	818	0.00003
Saccharococcus	29395	G	621	242	863	0.00003
Anoxybacteroides	3389905	G	571	67	638	0.00002
Alicyclobacillus	29330	G	8660	170	8830	0.00028
Tumebacillus	432330	G	2355	141	2496	0.00008
Kyrpidia	1129704	G	1271	3	1274	0.00004
Fodinisporobacter	3156481	G	1118	27	1145	0.00004
Effusibacillus	1502725	G	1009	22	1031	0.00003
Listeria	1637	G	10099	4547	14646	0.00047
Paenilisteria	3373705	G	1658	106	1764	0.00006
Brochothrix	2755	G	1542	221	1763	0.00006
Exiguobacterium	33986	G	6550	816	7366	0.00024
Hydrogenibacillus	1609627	G	999	26	1025	0.00003
Kroppenstedtia	1274351	G	1532	54	1586	0.00005
Novibacillus	1677050	G	918	108	1026	0.00003
Staphylospora	2689589	G	866	42	908	0.00003
Laceyella	292635	G	841	43	884	0.00003
Polycladomyces	1348505	G	801	13	814	0.00003
Thermoactinomyces	2023	G	620	41	661	0.00002
Fictibacillus	1329200	G	3295	655	3950	0.00013
Pseudalkalibacillus	2893058	G	1687	292	1979	0.00006
Sporolactobacillus	2077	G	3352	128	3480	0.00011
Pullulanibacillus	475230	G	850	78	928	0.00003
Gemella	1378	G	4080	718	4798	0.00015
Guptibacillus	3421338	G	1717	640	2357	0.00008
Abyssicoccus	1955413	G	602	372	974	0.00003
Lactobacillus	1578	G	18280	3396	21676	0.00070
Ligilactobacillus	2767887	G	7313	1954	9267	0.00030
Limosilactobacillus	2742598	G	7250	3473	10723	0.00034
Companilactobacillus	2767879	G	5851	480	6331	0.00020
Weissella	46255	G	5427	415	5842	0.00019
Leuconostoc	1243	G	5347	387	5734	0.00018
Lacticaseibacillus	2759736	G	5147	2466	7613	0.00024
Pediococcus	1253	G	4983	1467	6450	0.00021
Lactiplantibacillus	2767842	G	4649	1770	6419	0.00021
Levilactobacillus	2767886	G	3839	699	4538	0.00015
Fructilactobacillus	2767881	G	2882	207	3089	0.00010
Liquorilactobacillus	2767888	G	2454	642	3096	0.00010
Latilactobacillus	2767885	G	2360	432	2792	0.00009
Lentilactobacillus	2767893	G	2297	419	2716	0.00009
Paucilactobacillus	2767890	G	1874	518	2392	0.00008
Oenococcus	46254	G	1726	73	1799	0.00006
Apilactobacillus	2767877	G	1714	65	1779	0.00006
Loigolactobacillus	2767889	G	1598	678	2276	0.00007
Bombilactobacillus	2767878	G	1415	55	1470	0.00005
Dellaglioa	2767880	G	1390	287	1677	0.00005
Schleiferilactobacillus	2767891	G	1204	29	1233	0.00004
Furfurilactobacillus	2767882	G	1062	215	1277	0.00004
Xylocopilactobacillus	3118928	G	947	4	951	0.00003
Secundilactobacillus	2767892	G	537	175	712	0.00002
Agrilactobacillus	2767875	G	525	22	547	0.00002
Lapidilactobacillus	2767884	G	391	43	434	0.00001
Holzapfeliella	2767883	G	388	19	407	0.00001
Periweissella	2930384	G	309	6	315	0.00001
Amylolactobacillus	2767876	G	197	126	323	0.00001
Acetilactobacillus	2767874	G	194	0	194	0.00001
Nicoliella	2978367	G	187	4	191	0.00001
Fructobacillus	559173	G	125	2	127	0.00000
Streptococcus	1301	G	59008	21970	80978	0.00260
Lactococcus	1357	G	7804	8853	16657	0.00053
Pseudolactococcus	3436058	G	2591	450	3041	0.00010
Floricoccus	1930830	G	547	39	586	0.00002
Enterococcus	1350	G	42727	64455	107182	0.00344
Vagococcus	2737	G	10985	3198	14183	0.00045
Tetragenococcus	51668	G	3417	4261	7678	0.00025
Melissococcus	33969	G	652	40	692	0.00002
Carnobacterium	2747	G	9100	1532	10632	0.00034
Jeotgalibaca	1470540	G	3292	861	4153	0.00013
Granulicatella	117563	G	1921	1108	3029	0.00010
Trichococcus	82802	G	1880	232	2112	0.00007
Alloiococcus	1651	G	1862	61	1923	0.00006
Dolosigranulum	29393	G	1162	100	1262	0.00004
Alkalibacterium	99906	G	914	68	982	0.00003
Marinilactibacillus	191769	G	707	169	876	0.00003
Desemzia	82800	G	358	238	596	0.00002
Aerococcus	1375	G	4301	1226	5527	0.00018
Globicatella	13075	G	1667	260	1927	0.00006
Tuanshanicoccus	3465067	G	1377	111	1488	0.00005
Fundicoccus	2761542	G	1029	75	1104	0.00004
Suicoccus	2689587	G	800	285	1085	0.00003
Abiotrophia	46123	G	699	508	1207	0.00004
Ignavigranum	89092	G	596	46	642	0.00002
Ruoffia	2862144	G	470	123	593	0.00002
Thomasclavelia	3025755	G	93017	14996	108013	0.00346
Tannockella	2943184	G	32790	1124	33914	0.00109
Faecalibacillus	2678885	G	23630	13913	37543	0.00120
Catenibacterium	135858	G	10516	1720	12236	0.00039
Hoskinsella	3681505	G	35576	30590	66166	0.00212
Allocoprobacillus	3059504	G	33642	4303	37945	0.00122
Amedibacterium	2749267	G	21430	16674	38104	0.00122
Longicatena	1918536	G	18179	15796	33975	0.00109
Erysipelothrix	1647	G	12176	522	12698	0.00041
Holdemania	61170	G	5973	1965	7938	0.00025
Intestinibaculum	2679910	G	3894	530	4424	0.00014
Massilimicrobiota	1924110	G	3337	36055	39392	0.00126
Solobacterium	123375	G	2625	2323	4948	0.00016
Allobaculum	174708	G	2216	40	2256	0.00007
Faecalibaculum	1729679	G	1899	157	2056	0.00007
Bulleidia	118747	G	1744	268	2012	0.00006
Turicibacter	191303	G	5450	744	6194	0.00020
Selenomonas	970	G	38961	1768	40729	0.00131
Megamonas	158846	G	8674	623	9297	0.00030
Pectinatus	864	G	6950	375	7325	0.00023
Mitsuokella	52225	G	5184	2546	7730	0.00025
Sporomusa	2375	G	29754	2437	32191	0.00103
Anaerosinus	151037	G	13395	847	14242	0.00046
Pelosinus	365348	G	5828	563	6391	0.00021
Methylomusa	2093783	G	2496	271	2767	0.00009
Megasphaera	906	G	14885	2091	16976	0.00054
Dialister	39948	G	8486	367	8853	0.00028
Veillonella	29465	G	4624	253	4877	0.00016
Acidaminococcus	904	G	5868	602	6470	0.00021
Phascolarctobacterium	33024	G	5382	970	6352	0.00020
Tissierella	41273	G	24708	395	25103	0.00081
Gudongella	2692382	G	1627	56	1683	0.00005
Anaerococcus	165779	G	4645	812	5457	0.00018
Peptoniphilus	162289	G	2882	1543	4425	0.00014
Parvimonas	543311	G	2715	890	3605	0.00012
Helcococcus	31983	G	2179	546	2725	0.00009
Finegoldia	150022	G	1872	743	2615	0.00008
Aedoeadaptatus	2981628	G	1797	112	1909	0.00006
Miniphocaeibacter	2126548	G	1369	24	1393	0.00004
Murdochiella	1161127	G	858	529	1387	0.00004
Microaceticoccus	3421489	G	688	5	693	0.00002
Acidilutibacter	2992720	G	6020	728	6748	0.00022
Schnuerera	2794837	G	1561	85	1646	0.00005
Keratinibaculum	1354809	G	1066	100	1166	0.00004
Gottschalkia	1505664	G	1357	19	1376	0.00004
Sporanaerobacter	165812	G	1077	89	1166	0.00004
Caloranaerobacter	171003	G	852	30	882	0.00003
Sedimentibacter	190972	G	7119	82	7201	0.00023
Ezakiella	1582879	G	770	1010	1780	0.00006
Caldicellulosiruptor	44000	G	6359	461	6820	0.00022
Anaerocellum	32631	G	448	235	683	0.00002
Geochorda	3366854	G	1398	15	1413	0.00005
Carboxydichorda	3366853	G	559	41	600	0.00002
Limnochorda	1676651	G	1409	4	1413	0.00005
Candidatus Contubernalis	338648	G	889	737	1626	0.00005
Streptomyces	1883	G	311974	42616	354590	0.01137
Kitasatospora	2063	G	15567	4104	19671	0.00063
Actinacidiphila	2995702	G	2580	628	3208	0.00010
Streptacidiphilus	228398	G	2011	393	2404	0.00008
Embleya	2699295	G	1877	134	2011	0.00006
Peterkaempfera	2995704	G	1294	238	1532	0.00005
Streptantibioticus	2995706	G	598	120	718	0.00002
Yinghuangia	2805681	G	462	49	511	0.00002
Carbonactinospora	2864378	G	321	41	362	0.00001
Microbacterium	33882	G	37118	9252	46370	0.00149
Curtobacterium	2034	G	8362	1159	9521	0.00031
Leifsonia	110932	G	7104	4891	11995	0.00038
Agromyces	33877	G	5349	816	6165	0.00020
Leucobacter	55968	G	4698	1146	5844	0.00019
Rathayibacter	33886	G	3242	357	3599	0.00012
Cryobacterium	69578	G	2703	256	2959	0.00009
Agrococcus	46352	G	2218	554	2772	0.00009
Clavibacter	1573	G	2106	355	2461	0.00008
Salinibacterium	235888	G	1918	151	2069	0.00007
Microcella	337004	G	1800	332	2132	0.00007
Plantibacter	190323	G	1608	120	1728	0.00006
Herbiconiux	881616	G	1539	192	1731	0.00006
Frondihabitans	447237	G	1443	115	1558	0.00005
Aquiluna	529881	G	655	22	677	0.00002
Rhodoluna	529883	G	515	18	533	0.00002
Mycetocola	76634	G	1137	113	1250	0.00004
Protaetiibacter	2680004	G	951	186	1137	0.00004
Frigoribacterium	96492	G	950	135	1085	0.00003
Subtercola	120212	G	901	37	938	0.00003
Cnuibacter	1759331	G	856	139	995	0.00003
Paramicrobacterium	3110364	G	760	109	869	0.00003
Microterricola	518733	G	701	102	803	0.00003
Gulosibacter	256818	G	670	217	887	0.00003
Lacisediminihabitans	2740558	G	474	29	503	0.00002
Agreia	110934	G	469	41	510	0.00002
Aurantimicrobium	1705353	G	419	18	437	0.00001
Gryllotalpicola	1195526	G	376	35	411	0.00001
Humibacter	427753	G	304	106	410	0.00001
Naasia	1434022	G	299	35	334	0.00001
Glaciihabitans	1649454	G	286	17	303	0.00001
Marisediminicola	1230698	G	280	22	302	0.00001
Homoserinimonas	1434009	G	276	27	303	0.00001
Antiquaquibacter	3108736	G	271	13	284	0.00001
Homoserinibacter	1649457	G	255	41	296	0.00001
Ruicaihuangia	3137419	G	246	25	271	0.00001
Diaminobutyricimonas	1433997	G	215	22	237	0.00001
Lysinibacter	1857011	G	214	9	223	0.00001
Okibacterium	196084	G	192	34	226	0.00001
Humidisolicoccus	3425211	G	192	13	205	0.00001
Orlajensenia	3440766	G	158	19	177	0.00001
Pontimonas	1434032	G	122	4	126	0.00000
Arthrobacter	1663	G	26846	4653	31499	0.00101
Pseudarthrobacter	1742993	G	7757	1940	9697	0.00031
Glutamicibacter	1742989	G	4673	1294	5967	0.00019
Paenarthrobacter	1742992	G	4296	2680	6976	0.00022
Kocuria	57493	G	3536	1412	4948	0.00016
Rothia	32207	G	3042	1171	4213	0.00014
Sinomonas	596707	G	2180	217	2397	0.00008
Micrococcus	1269	G	1828	876	2704	0.00009
Citricoccus	169133	G	1618	502	2120	0.00007
Crystallibacter	3456524	G	776	96	872	0.00003
Auritidibacter	1160973	G	541	36	577	0.00002
Nesterenkonia	57494	G	214	2	216	0.00001
Psychromicrobium	2078575	G	185	8	193	0.00001
Paeniglutamicibacter	1742990	G	161	19	180	0.00001
Zhihengliuella	370735	G	136	355	491	0.00002
Neomicrococcus	1868332	G	98	35	133	0.00000
Pseudoglutamicibacter	1742991	G	93	204	297	0.00001
Renibacterium	1645	G	82	4	86	0.00000
Cellulomonas	1707	G	9994	2682	12676	0.00041
Oerskovia	162491	G	532	215	747	0.00002
Paraoerskovia	665568	G	378	97	475	0.00002
Pseudactinotalea	1926259	G	228	19	247	0.00001
Actinotalea	458839	G	215	126	341	0.00001
Janibacter	53457	G	3313	776	4089	0.00013
Arsenicicoccus	267408	G	1452	296	1748	0.00006
Oryzobacter	1849973	G	812	193	1005	0.00003
Phycicoccus	367298	G	724	274	998	0.00003
Pedococcus	2805645	G	646	107	753	0.00002
Intrasporangium	53357	G	623	117	740	0.00002
Knoellia	136099	G	622	55	677	0.00002
Terrabacter	53355	G	520	100	620	0.00002
Nostocoides	99479	G	403	56	459	0.00001
Humibacillus	556178	G	207	28	235	0.00001
Brevibacterium	1696	G	6133	1957	8090	0.00026
Saxibacter	3162691	G	306	12	318	0.00001
Cellulosimicrobium	157920	G	1817	490	2307	0.00007
Isoptericola	254250	G	1668	5658	7326	0.00023
Xylanimonas	186188	G	1271	275	1546	0.00005
Promicromonospora	43676	G	1129	124	1253	0.00004
Brachybacterium	43668	G	4655	775	5430	0.00017
Dermabacter	36739	G	737	1067	1804	0.00006
Helcobacillus	1161125	G	140	24	164	0.00001
Devriesea	472568	G	126	4	130	0.00000
Ornithinimicrobium	125287	G	2710	393	3103	0.00010
Serinicoccus	265976	G	1173	210	1383	0.00004
Barrientosiimonas	1535207	G	690	293	983	0.00003
Allobranchiibius	2040262	G	545	49	594	0.00002
Dermacoccus	57495	G	517	158	675	0.00002
Luteipulveratus	745364	G	410	30	440	0.00001
Yimella	908935	G	176	19	195	0.00001
Ruania	626119	G	1517	109	1626	0.00005
Occultella	2828348	G	388	51	439	0.00001
Demequina	577469	G	1271	181	1452	0.00005
Pengzhenrongella	2888818	G	600	89	689	0.00002
Luteimicrobium	754249	G	294	66	360	0.00001
Timonella	1465824	G	150	22	172	0.00001
Dermatophilus	1862	G	507	27	534	0.00002
Austwickia	1184606	G	282	16	298	0.00001
Gephyromycinifex	2885697	G	184	10	194	0.00001
Sanguibacter	60919	G	975	129	1104	0.00004
Kytococcus	57499	G	637	249	886	0.00003
Beutenbergia	84756	G	298	34	332	0.00001
Miniimonas	947525	G	173	179	352	0.00001
Jonesia	43673	G	173	32	205	0.00001
Tropheryma	2038	G	81	0	81	0.00000
Mycolicibacterium	1866885	G	39279	5769	45048	0.00144
Mycobacterium	1763	G	37460	4718	42178	0.00135
Mycobacteroides	670516	G	2688	339	3027	0.00010
Mycolicibacter	1073531	G	2106	754	2860	0.00009
Mycolicibacillus	2126281	G	730	108	838	0.00003
Nocardia	1817	G	29955	2143	32098	0.00103
Rhodococcus	1827	G	15277	2558	17835	0.00057
Rhodococcoides	3259750	G	1323	707	2030	0.00007
Prescottella	2979332	G	1302	297	1599	0.00005
Williamsia	85043	G	259	20	279	0.00001
Corynebacterium	1716	G	40191	16053	56244	0.00180
Gordonia	2053	G	10139	2288	12427	0.00040
Skermania	59613	G	172	6	178	0.00001
Dietzia	37914	G	2129	971	3100	0.00010
Tsukamurella	2060	G	1818	212	2030	0.00007
Tomitella	741759	G	652	70	722	0.00002
Hoyosella	697025	G	219	9	228	0.00001
Lawsonella	1847725	G	181	21	202	0.00001
Segniliparus	286801	G	169	4	173	0.00001
Micromonospora	1873	G	34164	4359	38523	0.00124
Actinoplanes	1865	G	11702	941	12643	0.00041
Dactylosporangium	35753	G	11250	759	12009	0.00039
Plantactinospora	673534	G	2439	255	2694	0.00009
Solwaraspora	265431	G	1405	140	1545	0.00005
Actinocatenispora	390988	G	1333	82	1415	0.00005
Phytohabitans	907364	G	1188	94	1282	0.00004
Polymorphospora	338583	G	1040	144	1184	0.00004
Catellatospora	53365	G	616	88	704	0.00002
Krasilnikovia	349312	G	573	80	653	0.00002
Natronosporangium	2920401	G	535	19	554	0.00002
Couchioplanes	56433	G	488	79	567	0.00002
Longispora	203522	G	439	45	484	0.00002
Salinispora	168694	G	301	25	326	0.00001
Paractinoplanes	3240234	G	36	0	36	0.00000
Amycolatopsis	1813	G	23679	2699	26378	0.00085
Pseudonocardia	1847	G	8761	1078	9839	0.00032
Saccharopolyspora	1835	G	5882	768	6650	0.00021
Saccharothrix	2071	G	4587	973	5560	0.00018
Lentzea	165301	G	3599	454	4053	0.00013
Kutzneria	43356	G	3075	416	3491	0.00011
Actinokineospora	39845	G	2355	558	2913	0.00009
Saccharomonospora	1851	G	1940	288	2228	0.00007
Actinomycetospora	402649	G	1788	192	1980	0.00006
Actinosynnema	40566	G	1771	473	2244	0.00007
Actinoalloteichus	65496	G	1638	101	1739	0.00006
Umezawaea	583360	G	1201	159	1360	0.00004
Crossiella	130795	G	782	129	911	0.00003
Kibdelosporangium	2029	G	743	56	799	0.00003
Allokutzneria	1137960	G	610	102	712	0.00002
Alloactinosynnema	674734	G	353	93	446	0.00001
Prauserella	142577	G	270	12	282	0.00001
Salinifilum	2040254	G	232	153	385	0.00001
Allosaccharopolyspora	2893576	G	191	36	227	0.00001
Nocardioides	1839	G	21783	3035	24818	0.00080
Aeromicrobium	2040	G	2724	297	3021	0.00010
Pimelobacter	2044	G	1229	389	1618	0.00005
Micropruina	116071	G	482	134	616	0.00002
Mumia	1546255	G	460	46	506	0.00002
Friedmanniella	53387	G	439	48	487	0.00002
Solicola	3024237	G	240	18	258	0.00001
Tessaracoccus	72763	G	4984	1304	6288	0.00020
Cutibacterium	1912216	G	4462	1054	5516	0.00018
Microlunatus	29404	G	2428	190	2618	0.00008
Propioniciclava	1085622	G	1825	1401	3226	0.00010
Arachnia	2801844	G	1775	90	1865	0.00006
Acidipropionibacterium	1912215	G	1541	892	2433	0.00008
Propionibacterium	1743	G	1269	473	1742	0.00006
Raineyella	1911549	G	1114	312	1426	0.00005
Propionimicrobium	203133	G	977	107	1084	0.00003
Luteococcus	33983	G	486	39	525	0.00002
Auraticoccus	1278221	G	404	37	441	0.00001
Brooklawnia	369926	G	380	194	574	0.00002
Ammonicoccus	3417658	G	334	356	690	0.00002
Naumannella	1294511	G	180	72	252	0.00001
Kribbella	182639	G	8846	573	9419	0.00030
Actinopolymorpha	117156	G	464	23	487	0.00002
Nonomuraea	83681	G	9384	1073	10457	0.00034
Streptosporangium	2000	G	6261	751	7012	0.00022
Microbispora	2005	G	2518	320	2838	0.00009
Microtetraspora	1995	G	1387	271	1658	0.00005
Sphaerisporangium	321315	G	1013	117	1130	0.00004
Sphaerimonospora	1792303	G	500	52	552	0.00002
Thermobispora	147067	G	297	23	320	0.00001
Spongiactinospora	2871671	G	132	26	158	0.00001
Actinomadura	1988	G	6407	1018	7425	0.00024
Spirillospora	58122	G	2315	426	2741	0.00009
Actinoallomurus	667113	G	2098	237	2335	0.00007
Thermomonospora	2019	G	1202	186	1388	0.00004
Nocardiopsis	2013	G	4092	1308	5400	0.00017
Thermobifida	83677	G	1040	77	1117	0.00004
Spiractinospora	2913367	G	605	17	622	0.00002
Streptomonospora	104204	G	527	205	732	0.00002
Bifidobacterium	1678	G	25122	3208	28330	0.00091
Gardnerella	2701	G	2785	658	3443	0.00011
Scardovia	196081	G	611	62	673	0.00002
Parascardovia	196082	G	379	42	421	0.00001
Alloscardovia	419014	G	257	5	262	0.00001
Bombiscardovia	1159909	G	138	3	141	0.00000
Actinomyces	1654	G	9514	789	10303	0.00033
Schaalia	2529408	G	3515	541	4056	0.00013
Trueperella	1069494	G	2331	1420	3751	0.00012
Arcanobacterium	28263	G	1511	247	1758	0.00006
Flaviflexus	1522056	G	856	238	1094	0.00004
Buchananella	2767323	G	688	57	745	0.00002
Actinotignum	1653174	G	664	170	834	0.00003
Scrofimicrobium	2815785	G	546	6	552	0.00002
Mobiluncus	2050	G	462	141	603	0.00002
Gleimia	2692113	G	276	357	633	0.00002
Varibaculum	184869	G	244	83	327	0.00001
Nanchangia	2888879	G	222	6	228	0.00001
Actinobaculum	76833	G	209	5	214	0.00001
Pauljensenia	2740557	G	207	106	313	0.00001
Changpingibacter	2912996	G	183	107	290	0.00001
Winkia	2692118	G	154	243	397	0.00001
Boudabousia	2767318	G	90	2	92	0.00000
Geodermatophilus	1860	G	2238	451	2689	0.00009
Blastococcus	38501	G	1812	345	2157	0.00007
Modestobacter	88138	G	1552	315	1867	0.00006
Frankia	1854	G	1560	168	1728	0.00006
Pseudofrankia	2994363	G	954	110	1064	0.00003
Parafrankia	2994362	G	529	94	623	0.00002
Protofrankia	2994361	G	487	395	882	0.00003
Georgenia	154116	G	2683	1284	3967	0.00013
Candidatus Planktophila	622681	G	1629	17	1646	0.00005
Candidatus Nanopelagicus	2039639	G	515	20	535	0.00002
Jatrophihabitans	1434010	G	2072	108	2180	0.00007
Nakamurella	53460	G	1889	105	1994	0.00006
Kineococcus	33981	G	1369	236	1605	0.00005
Angustibacter	908626	G	321	34	355	0.00001
Jiangella	281472	G	1268	148	1416	0.00005
Stackebrandtia	283810	G	763	21	784	0.00003
Natronoglycomyces	2838311	G	364	1	365	0.00001
Catenulispora	414878	G	685	68	753	0.00002
Actinopolyspora	1849	G	420	14	434	0.00001
Bounagaea	1931219	G	371	259	630	0.00002
Epidermidibacterium	2078948	G	245	320	565	0.00002
Acidothermus	28048	G	198	4	202	0.00001
Eggerthella	84111	G	17591	4937	22528	0.00072
Gordonibacter	644652	G	8804	5846	14650	0.00047
Raoultibacter	1926677	G	7648	1072	8720	0.00028
Arabiibacter	2005386	G	4419	166	4585	0.00015
Adlercreutzia	447020	G	4333	1113	5446	0.00017
Slackia	84108	G	3393	46	3439	0.00011
Berryella	2815775	G	2899	1632	4531	0.00015
Xiamenia	2981344	G	2199	28	2227	0.00007
Denitrobacterium	79603	G	1515	711	2226	0.00007
Cryptobacterium	84162	G	751	20	771	0.00002
Phoenicibacter	1981050	G	543	242	785	0.00003
Umbribacter	3472368	G	494	202	696	0.00002
Thermophilibacter	2847307	G	3633	781	4414	0.00014
Olsenella	133925	G	2317	71	2388	0.00008
Parafannyhessea	2847312	G	1413	608	2021	0.00006
Atopobium	1380	G	1281	79	1360	0.00004
Lancefieldella	2767353	G	1236	29	1265	0.00004
Parolsenella	2082587	G	1232	985	2217	0.00007
Fannyhessea	2767327	G	609	202	811	0.00003
Collinsella	102106	G	7130	1888	9018	0.00029
Enorma	1472762	G	1609	290	1899	0.00006
Coriobacterium	33870	G	1165	14	1179	0.00004
Leptogranulimonas	2995122	G	1083	21	1104	0.00004
Aquihabitans	1648491	G	1568	85	1653	0.00005
Iamia	467975	G	960	47	1007	0.00003
Actinomarinicola	2789775	G	604	60	664	0.00002
Dermatobacter	3075137	G	443	17	460	0.00001
Actinospongiicola	3449744	G	428	13	441	0.00001
Candidatus Poriferisodalis	2983190	G	2982	36	3018	0.00010
Candidatus Poriferisocius	2983186	G	2534	74	2608	0.00008
Ilumatobacter	682522	G	709	4	713	0.00002
Salinilacustrithrix	3436875	G	429	27	456	0.00001
Acidimicrobium	53634	G	218	0	218	0.00001
Candidatus Spongiisocius	2983163	G	323	0	323	0.00001
Baekduia	2600304	G	3094	260	3354	0.00011
Svornostia	3231543	G	584	37	621	0.00002
Conexibacter	191494	G	2201	143	2344	0.00008
Paraconexibacter	2758920	G	1316	75	1391	0.00004
Capillimicrobium	2976759	G	534	55	589	0.00002
Miltoncostaea	2843200	G	983	30	1013	0.00003
Thermoleophilum	192992	G	266	7	273	0.00001
Rubrobacter	42255	G	2834	6	2840	0.00009
Euzebya	908623	G	533	3	536	0.00002
Egicoccus	1755825	G	509	8	517	0.00002
Egibacter	1747770	G	446	4	450	0.00001
Synechococcus	1129	G	14587	653	15240	0.00049
Prochlorococcus	1218	G	6103	119	6222	0.00020
Cyanobium	167375	G	2512	241	2753	0.00009
Parasynechococcus	2881427	G	64	42	106	0.00000
Synechocystis	1142	G	1616	54	1670	0.00005
Altericista	2855430	G	371	12	383	0.00001
Nostoc	1177	G	9252	824	10076	0.00032
Anabaena	1163	G	1095	676	1771	0.00006
Richelia	98443	G	449	42	491	0.00002
Cylindrospermum	56106	G	400	99	499	0.00002
Trichormus	264688	G	201	60	261	0.00001
Calothrix	1186	G	2023	42	2065	0.00007
Dolichospermum	748770	G	660	676	1336	0.00004
Cylindrospermopsis	77021	G	421	14	435	0.00001
Okeanomitos	3231549	G	387	21	408	0.00001
Sphaerospermopsis	752201	G	352	18	370	0.00001
Nodularia	159191	G	672	58	730	0.00002
Halotia	1620790	G	379	17	396	0.00001
Anabaenopsis	110103	G	238	18	256	0.00001
Aliinostoc	2035978	G	228	35	263	0.00001
Tolypothrix	111782	G	652	15	667	0.00002
Fischerella	1190	G	568	55	623	0.00002
Rivularia	373984	G	535	5	540	0.00002
Chlorogloeopsis	1123	G	385	0	385	0.00001
Brasilonema	383614	G	362	8	370	0.00001
Cyanobacterium	102234	G	2227	85	2312	0.00007
Geminocystis	669357	G	1759	48	1807	0.00006
Picosynechococcus	3079908	G	1380	31	1411	0.00005
Crocosphaera	263510	G	1013	31	1044	0.00003
Gloeothece	28070	G	859	18	877	0.00003
Rippkaea	2546365	G	547	21	568	0.00002
Candidatus Atelocyanobacterium	1453359	G	352	22	374	0.00001
Microcystis	1125	G	2753	180	2933	0.00009
Gloeocapsopsis	693222	G	563	97	660	0.00002
Gloeocapsa	102231	G	215	12	227	0.00001
Euhalothece	65097	G	348	14	362	0.00001
Halothece	76023	G	204	30	234	0.00001
Planktothrix	54304	G	1897	90	1987	0.00006
Microcoleus	44471	G	1064	151	1215	0.00004
Trichodesmium	1205	G	482	2	484	0.00002
Oxynema	1492710	G	981	37	1018	0.00003
Phormidium	1198	G	821	187	1008	0.00003
Koinonema	2023214	G	635	31	666	0.00002
Planktothricoides	132607	G	413	23	436	0.00001
Limnospira	2596745	G	883	77	960	0.00003
Capilliphycus	2768926	G	542	18	560	0.00002
Leptolyngbya	47251	G	3248	882	4130	0.00013
Leptothermofonsia	2917830	G	1072	115	1187	0.00004
Kovacikia	1874526	G	740	32	772	0.00002
Leptodesmis	2664261	G	496	136	632	0.00002
Trichothermofontia	3045815	G	424	23	447	0.00001
Pseudanabaena	1152	G	2173	67	2240	0.00007
Limnothrix	132605	G	874	24	898	0.00003
Thalassoporum	2799719	G	260	6	266	0.00001
Thermosynechococcus	146785	G	1614	40	1654	0.00005
Parathermosynechococcus	3161592	G	336	12	348	0.00001
Acaryochloris	155977	G	970	9	979	0.00003
Gloeobacter	33071	G	1551	64	1615	0.00005
Anthocerotibacter	2857076	G	651	62	713	0.00002
Egbenema	3079668	G	683	51	734	0.00002
Thermoleptolyngbya	2303528	G	656	235	891	0.00003
Thermocoleostomius	3065395	G	232	24	256	0.00001
Halomicronema	170610	G	607	9	616	0.00002
Nodosilinea	1120752	G	540	59	599	0.00002
Dactylococcopsis	13034	G	192	36	228	0.00001
Moorena	1155738	G	729	11	740	0.00002
Allocoleopsis	2886347	G	451	26	477	0.00002
Pleurocapsa	44474	G	614	45	659	0.00002
Stanieria	102115	G	397	12	409	0.00001
Chroococcidiopsis	54298	G	874	60	934	0.00003
Gloeomargarita	1188227	G	853	6	859	0.00003
Chamaesiphon	217161	G	423	14	437	0.00001
Crinalium	241421	G	273	15	288	0.00001
Desertifilum	1185872	G	687	44	731	0.00002
Geitlerinema	63132	G	379	777	1156	0.00004
Spiroplasma	2132	G	13620	557	14177	0.00045
Mesoplasma	46239	G	1545	213	1758	0.00006
Entomoplasma	46238	G	215	28	243	0.00001
Williamsoniiplasma	2919614	G	382	42	424	0.00001
Mycoplasma	2093	G	11792	1741	13533	0.00043
Candidatus Hepatoplasma	295595	G	134	108	242	0.00001
Acholeplasma	2147	G	2388	161	2549	0.00008
Candidatus Phytoplasma	33926	G	1737	179	1916	0.00006
Haploplasma	2903106	G	848	139	987	0.00003
Mariniplasma	2903100	G	824	30	854	0.00003
Candidatus Izemoplasma	2975549	G	1293	41	1334	0.00004
Candidatus Xianfuyuplasma	2975521	G	501	33	534	0.00002
Hujiaoplasma	3078171	G	956	152	1108	0.00004
Mycoplasmopsis	2767358	G	6751	659	7410	0.00024
Metamycoplasma	2895509	G	3605	507	4112	0.00013
Mesomycoplasma	2923352	G	2795	187	2982	0.00010
Ureaplasma	2129	G	674	195	869	0.00003
Mycoplasmoides	2995234	G	623	61	684	0.00002
Malacoplasma	2791001	G	593	75	668	0.00002
Dehalococcoides	61434	G	2467	62	2529	0.00008
Dehalogenimonas	670486	G	2031	2	2033	0.00007
Candidatus Lucifugimonas	3143249	G	300	0	300	0.00001
Chloroflexus	1107	G	1065	0	1065	0.00003
Roseiflexus	120961	G	1043	9	1052	0.00003
Candidatus Chlorohelix	3139173	G	451	2	453	0.00001
Thermobaculum	262406	G	236	14	250	0.00001
Candidatus Promineifilum	1988031	G	1382	0	1382	0.00004
Candidatus Leptofilum	3140596	G	1336	7	1343	0.00004
Pelolinea	1649478	G	721	0	721	0.00002
Anaerolinea	233189	G	669	0	669	0.00002
Candidatus Brevifilum	2019482	G	362	0	362	0.00001
Tepidiforma	2682228	G	1062	3	1065	0.00003
Caldilinea	233191	G	676	9	685	0.00002
Phototrophicus	2922426	G	631	0	631	0.00002
Thermoflexus	1495649	G	495	0	495	0.00002
Ktedonosporobacter	2692417	G	435	2	437	0.00001
Capsulimonas	2494209	G	1643	0	1643	0.00005
Fimbriimonas	1005038	G	1034	0	1034	0.00003
Chthonomonas	1077265	G	484	0	484	0.00002
Vulcanimicrobium	3016049	G	359	2	361	0.00001
Deinococcus	1298	G	19983	210	20193	0.00065
Thermus	270	G	4142	199	4341	0.00014
Meiothermus	65551	G	933	49	982	0.00003
Oceanithermus	208447	G	674	30	704	0.00002
Marinithermus	186191	G	370	13	383	0.00001
Allomeiothermus	2935559	G	333	40	373	0.00001
Truepera	332248	G	254	1	255	0.00001
Cloacibacillus	508459	G	5440	298	5738	0.00018
Aminomonas	81411	G	1168	30	1198	0.00004
Thermanaerovibrio	81461	G	1035	52	1087	0.00003
Pyramidobacter	638847	G	3450	19	3469	0.00011
Jonquetella	428711	G	1109	80	1189	0.00004
Fretibacterium	1434006	G	1930	0	1930	0.00006
Aminobacterium	81466	G	831	0	831	0.00003
Aminirod	3415218	G	70	662	732	0.00002
Aminithiophilus	3029078	G	55	574	629	0.00002
Thermosipho	2420	G	1988	50	2038	0.00007
Fervidobacterium	2422	G	1390	513	1903	0.00006
Thermotoga	2335	G	1078	6	1084	0.00003
Pseudothermotoga	1643951	G	934	34	968	0.00003
Marinitoga	160798	G	1083	12	1095	0.00004
Oceanotoga	1255275	G	1033	35	1068	0.00003
Tepiditoga	2778400	G	552	22	574	0.00002
Defluviitoga	1511648	G	516	302	818	0.00003
Petrotoga	28236	G	200	31	231	0.00001
Kosmotoga	651456	G	806	1	807	0.00003
Mesotoga	1184396	G	701	0	701	0.00002
Athalassotoga	1769718	G	268	0	268	0.00001
Fusobacterium	848	G	19038	1933	20971	0.00067
Cetobacterium	180162	G	4413	316	4729	0.00015
Ilyobacter	167639	G	2551	20	2571	0.00008
Leptotrichia	32067	G	6574	527	7101	0.00023
Sebaldella	32068	G	1284	7	1291	0.00004
Sneathia	168808	G	763	57	820	0.00003
Pseudoleptotrichia	2755140	G	637	15	652	0.00002
Streptobacillus	34104	G	280	77	357	0.00001
Haliovirga	3072462	G	721	16	737	0.00002
Candidatus Nanosynbacter	2093823	G	764	190	954	0.00003
Candidatus Southlakia	3350975	G	286	4	290	0.00001
Candidatus Saccharimonas	1331051	G	170	1	171	0.00001
Candidatus Mycosynbacter	2831665	G	101	0	101	0.00000
Candidatus Minimicrobia	2905967	G	80	145	225	0.00001
Fervidibacter	1448928	G	517	0	517	0.00002
Candidatus Chazhemtobacterium	2715734	G	233	0	233	0.00001
Minisyncoccus	3238478	G	180	0	180	0.00001
Candidatus Babela	1551504	G	162	2	164	0.00001
Candidatus Chromulinivorax	2953757	G	88	0	88	0.00000
Candidatus Bipolaricaulis	2250122	G	171	0	171	0.00001
Candidatus Absconditicoccus	2900570	G	85	4	89	0.00000
Persicimonas	2766927	G	1045	3	1048	0.00003
Bradymonas	1779136	G	587	3	590	0.00002
Allomicrovenator	2946507	G	267	2	269	0.00001
Dissulfurimicrobium	1769732	G	516	452	968	0.00003
Lathyrus	3853	G	51015	3420	54435	0.00175
Vicia	3904	G	37859	1620	39479	0.00127
Medicago	3877	G	16786	1049	17835	0.00057
Trifolium	3898	G	11953	13597	25550	0.00082
Cicer	3826	G	16107	1034	17141	0.00055
Lotus	3867	G	12017	1473	13490	0.00043
Vigna	3913	G	49042	8584	57626	0.00185
Glycine	3846	G	32413	2475	34888	0.00112
Cajanus	3820	G	18876	1905	20781	0.00067
Phaseolus	3883	G	15525	957	16482	0.00053
Arachis	3817	G	60920	5257	66177	0.00212
Lupinus	3869	G	22709	1676	24385	0.00078
Malus	3749	G	16506	4039	20545	0.00066
Pyrus	3766	G	11054	3771	14825	0.00048
Prunus	3754	G	15325	1923	17248	0.00055
Rosa	3764	G	15885	686	16571	0.00053
Argentina	3131914	G	5610	4268	9878	0.00032
Fragaria	3746	G	4348	717	5065	0.00016
Humulus	3484	G	37903	19879	57782	0.00185
Cannabis	3482	G	15541	3163	18704	0.00060
Ziziphus	72171	G	14832	9022	23854	0.00077
Hevea	3980	G	27185	1357	28542	0.00092
Manihot	3982	G	14061	5373	19434	0.00062
Mercurialis	3984	G	12687	15708	28395	0.00091
Ricinus	3987	G	10117	1356	11473	0.00037
Euphorbia	3990	G	18545	1979	20524	0.00066
Populus	3689	G	33833	41234	75067	0.00241
Quercus	3511	G	28905	11385	40290	0.00129
Castanea	21019	G	17140	3550	20690	0.00066
Juglans	16718	G	25366	5040	30406	0.00098
Carya	13402	G	13775	4144	17919	0.00057
Alnus	3515	G	12225	11653	23878	0.00077
Corylus	13450	G	10730	759	11489	0.00037
Benincasa	102210	G	28550	801	29351	0.00094
Cucumis	3655	G	24137	47682	71819	0.00230
Cucurbita	3660	G	8070	1502	9572	0.00031
Tripterygium	123484	G	9021	6088	15109	0.00048
Gossypium	3633	G	77580	3258	80838	0.00259
Theobroma	3640	G	10146	371	10517	0.00034
Brassica	3705	G	30433	45845	76278	0.00245
Raphanus	3725	G	11053	18551	29604	0.00095
Camelina	71323	G	17843	757	18600	0.00060
Arabidopsis	3701	G	4486	526	5012	0.00016
Eucalyptus	3932	G	14982	2993	17975	0.00058
Rhodamnia	178132	G	7442	729	8171	0.00026
Punica	22662	G	8428	1004	9432	0.00030
Mangifera	23461	G	15313	4330	19643	0.00063
Citrus	2706	G	10128	1753	11881	0.00038
Vitis	3603	G	22493	2717	25210	0.00081
Solanum	4107	G	93775	38764	132539	0.00425
Capsicum	4071	G	88285	1855	90140	0.00289
Lycium	24646	G	49010	1840	50850	0.00163
Nicotiana	4085	G	108634	5614	114248	0.00366
Ipomoea	4119	G	13493	2393	15886	0.00051
Primulina	48772	G	39055	2759	41814	0.00134
Henckelia	199091	G	16627	1206	17833	0.00057
Salvia	21880	G	44236	2178	46414	0.00149
Olea	4145	G	30017	778	30795	0.00099
Sesamum	4181	G	8779	732	9511	0.00031
Coffea	13442	G	21581	19232	40813	0.00131
Lactuca	4235	G	125898	46967	172865	0.00554
Rutidosis	125764	G	42459	4141	46600	0.00149
Helianthus	4231	G	39509	806	40315	0.00129
Erigeron	41574	G	13484	958	14442	0.00046
Cynara	4264	G	18348	535	18883	0.00061
Apium	4044	G	42604	1474	44078	0.00141
Daucus	4038	G	11138	1873	13011	0.00042
Impatiens	35939	G	21413	1240	22653	0.00073
Actinidia	3624	G	18708	617	19325	0.00062
Diospyros	13492	G	16756	506	17262	0.00055
Rhododendron	4346	G	11751	1270	13021	0.00042
Silene	3573	G	33108	383	33491	0.00107
Beta	3554	G	15491	589	16080	0.00052
Spinacia	3561	G	14816	23189	38005	0.00122
Amaranthus	3564	G	14894	9444	24338	0.00078
Malania	397391	G	37479	803	38282	0.00123
Triticum	4564	G	97265	20800	118065	0.00379
Aegilops	4480	G	4109	17954	22063	0.00071
Hordeum	4512	G	37431	14965	52396	0.00168
Lolium	4520	G	35839	1192	37031	0.00119
Brachypodium	15367	G	5069	558	5627	0.00018
Oryza	4527	G	19353	8071	27424	0.00088
Miscanthus	62336	G	27764	1042	28806	0.00092
Zea	4575	G	18543	4553	23096	0.00074
Sorghum	4557	G	9897	2670	12567	0.00040
Panicum	4539	G	26114	1927	28041	0.00090
Setaria	4554	G	9207	772	9979	0.00032
Phragmites	15745	G	18242	4320	22562	0.00072
Carex	13398	G	14200	12148	26348	0.00085
Typha	4732	G	11446	692	12138	0.00039
Ananas	4614	G	10263	1129	11392	0.00037
Zingiber	4650	G	38928	1275	40203	0.00129
Curcuma	99568	G	10740	1439	12179	0.00039
Musa	4640	G	21302	46645	67947	0.00218
Elaeis	51952	G	30362	2192	32554	0.00104
Phoenix	4719	G	13212	989	14201	0.00046
Asparagus	4685	G	22199	569	22768	0.00073
Dioscorea	4672	G	15147	457	15604	0.00050
Wolffia	161109	G	12352	472	12824	0.00041
Papaver	3468	G	44497	858	45355	0.00145
Telopea	54954	G	19620	1291	20911	0.00067
Macadamia	4329	G	18305	1695	20000	0.00064
Magnolia	3402	G	31487	331	31818	0.00102
Nymphaea	4418	G	10628	2390	13018	0.00042
Cryptomeria	3368	G	162559	22460	185019	0.00593
Physcomitrium	37414	G	17436	760	18196	0.00058
Ostreococcus	70447	G	1669	32	1701	0.00005
Bathycoccus	41874	G	1102	31	1133	0.00004
Micromonas	38832	G	1069	33	1102	0.00004
Chlamydomonas	3052	G	3296	94	3390	0.00011
Homo	9605	G	382993	107046	490039	0.01572
Fusarium	5506	G	7130	525	7655	0.00025
Ustilaginoidea	124426	G	1236	39	1275	0.00004
Pochonia	243023	G	863	20	883	0.00003
Metarhizium	5529	G	831	18	849	0.00003
Trichoderma	5543	G	2690	270	2960	0.00009
Drechmeria	98402	G	783	26	809	0.00003
Purpureocillium	1052105	G	677	42	719	0.00002
Akanthomyces	150366	G	781	57	838	0.00003
Colletotrichum	5455	G	2833	162	2995	0.00010
Remersonia	72143	G	988	119	1107	0.00004
Thermothielavioides	2609811	G	915	178	1093	0.00004
Thermothelomyces	1920207	G	898	63	961	0.00003
Neurospora	5140	G	1549	197	1746	0.00006
Sordaria	5146	G	690	505	1195	0.00004
Podospora	5144	G	2271	352	2623	0.00008
Pyricularia	48558	G	2734	9	2743	0.00009
Botrytis	33196	G	2442	598	3040	0.00010
Aspergillus	5052	G	4552	282	4834	0.00016
Penicillium	5073	G	1951	499	2450	0.00008
Talaromyces	5094	G	1629	254	1883	0.00006
Coccidioides	5500	G	886	259	1145	0.00004
Zymoseptoria	1047167	G	1115	39	1154	0.00004
Fulvia	2897311	G	889	40	929	0.00003
Cercospora	29002	G	650	90	740	0.00002
Pyrenophora	5027	G	686	354	1040	0.00003
Alternaria	5598	G	524	41	565	0.00002
Ascochyta	5453	G	712	70	782	0.00003
Saccharomyces	4930	G	2856	877	3733	0.00012
Kluyveromyces	4910	G	1341	460	1801	0.00006
Henningerozyma	3163253	G	1312	116	1428	0.00005
Naumovozyma	278028	G	1140	140	1280	0.00004
Eremothecium	33170	G	1062	1815	2877	0.00009
Kazachstania	71245	G	938	82	1020	0.00003
Torulaspora	4948	G	842	273	1115	0.00004
Tetrapisispora	113604	G	745	38	783	0.00003
Nakaseomyces	374468	G	589	263	852	0.00003
Zygotorulaspora	1196389	G	523	173	696	0.00002
Lachancea	300275	G	329	64	393	0.00001
Zygosaccharomyces	4953	G	308	82	390	0.00001
Huiozyma	3163251	G	284	35	319	0.00001
Saccharomycodes	36034	G	590	242	832	0.00003
Candida	5475	G	1935	198	2133	0.00007
Lodderomyces	36913	G	803	425	1228	0.00004
Scheffersomyces	766733	G	705	90	795	0.00003
Debaryomyces	4958	G	665	6	671	0.00002
Yamadazyma	766765	G	134	31	165	0.00001
Australozyma	3300567	G	547	29	576	0.00002
Candidozyma	3303203	G	149	30	179	0.00001
Brettanomyces	13366	G	1054	176	1230	0.00004
Pichia	4919	G	433	51	484	0.00002
Komagataella	460517	G	424	11	435	0.00001
Ogataea	461281	G	406	37	443	0.00001
Sugiyamaella	410829	G	533	138	671	0.00002
Yarrowia	4951	G	406	0	406	0.00001
Schizosaccharomyces	4895	G	2198	626	2824	0.00009
Kwoniella	490731	G	4958	999	5957	0.00019
Cryptococcus	5206	G	2821	580	3401	0.00011
Cutaneotrichosporon	1838142	G	3029	865	3894	0.00012
Vanrija	1851468	G	757	368	1125	0.00004
Rhizoctonia	1322061	G	4040	97	4137	0.00013
Marasmius	34448	G	1124	258	1382	0.00004
Psilocybe	71950	G	765	106	871	0.00003
Mycosarcoma	2689624	G	5233	48	5281	0.00017
Sporisorium	63265	G	626	165	791	0.00003
Malassezia	55193	G	1886	604	2490	0.00008
Puccinia	5296	G	6811	708	7519	0.00024
Rhizophagus	1129544	G	18089	2025	20114	0.00065
Vairimorpha	6038	G	843	29	872	0.00003
Encephalitozoon	6033	G	472	0	472	0.00002
Plasmodium	5820	G	18059	650	18709	0.00060
Babesia	5864	G	2054	147	2201	0.00007
Theileria	5873	G	1458	34	1492	0.00005
Toxoplasma	5810	G	1290	270	1560	0.00005
Neospora	29175	G	1161	4	1165	0.00004
Besnoitia	94642	G	860	15	875	0.00003
Cryptosporidium	5806	G	909	51	960	0.00003
Paramecium	5884	G	137	0	137	0.00000
Bremia	4778	G	2074	3	2077	0.00007
Thalassiosira	35127	G	1116	14	1130	0.00004
Phaeodactylum	2849	G	499	0	499	0.00002
Bigelowiella	227085	G	38	0	38	0.00000
Leishmania	5658	G	5588	44	5632	0.00018
Porcisia	2761499	G	779	8	787	0.00003
Trypanosoma	5690	G	355	3	358	0.00001
Naegleria	5761	G	31	0	31	0.00000
Trichomonas	5721	G	4546	16	4562	0.00015
Spironucleus	39709	G	1308	2	1310	0.00004
Giardia	5740	G	327	0	327	0.00001
Dictyostelium	5782	G	2007	106	2113	0.00007
Cyanidioschyzon	45156	G	257	2	259	0.00001
Cryptomonas	3030	G	49	8	57	0.00000
Hemiselmis	77924	G	32	1	33	0.00000
Guillardia	55528	G	36	11	47	0.00000
Halorubrum	56688	G	1735	289	2024	0.00006
Halobaculum	43927	G	1369	185	1554	0.00005
Haloplanus	376170	G	1296	194	1490	0.00005
Haloferax	2251	G	1187	10	1197	0.00004
Halorarum	3163375	G	542	72	614	0.00002
Haloprofundus	1911573	G	393	29	422	0.00001
Halalkaliarchaeum	2678343	G	383	6	389	0.00001
Salinigranum	1644057	G	343	9	352	0.00001
Halobellus	1073986	G	316	86	402	0.00001
Halopenitus	1209988	G	141	1	142	0.00000
Halolamina	1075397	G	116	27	143	0.00000
Halohasta	1450140	G	104	53	157	0.00001
Salinirarus	3415185	G	98	30	128	0.00000
Halogeometricum	60846	G	80	3	83	0.00000
Haloquadratum	293431	G	80	0	80	0.00000
Natrinema	88723	G	2060	170	2230	0.00007
Natronorubrum	134813	G	743	44	787	0.00003
Natronosalvus	3076685	G	722	11	733	0.00002
Haloterrigena	121871	G	644	47	691	0.00002
Halovivax	332951	G	475	4	479	0.00002
Halosolutus	2993618	G	358	15	373	0.00001
Natronococcus	29287	G	338	12	350	0.00001
Halomontanus	3125902	G	320	4	324	0.00001
Natrialba	63742	G	287	30	317	0.00001
Natribaculum	1699375	G	280	31	311	0.00001
Natrarchaeobaculum	2765402	G	219	14	233	0.00001
Natronobeatus	3065678	G	201	27	228	0.00001
Halostagnicola	353799	G	188	2	190	0.00001
Natronobacterium	2256	G	178	21	199	0.00001
Halovalidus	3383206	G	173	4	177	0.00001
Natrononativus	3065677	G	137	2	139	0.00000
Salinilacihabitans	3065676	G	131	7	138	0.00000
Halopiger	387342	G	120	8	128	0.00000
Haloarcula	2237	G	2620	218	2838	0.00009
Halosimplex	171163	G	866	162	1028	0.00003
Halorientalis	1073987	G	669	181	850	0.00003
Halomicrobium	203135	G	564	36	600	0.00002
Halapricum	1542963	G	405	14	419	0.00001
Halorhabdus	146825	G	390	15	405	0.00001
Halovenus	1377992	G	385	22	407	0.00001
Salinibaculum	2732368	G	303	35	338	0.00001
Halococcoides	2907507	G	267	1	268	0.00001
Natronomonas	63743	G	714	100	814	0.00003
Halomarina	871740	G	525	9	534	0.00002
Haloglomus	2806252	G	486	30	516	0.00002
Halocatena	2907493	G	394	0	394	0.00001
Halorarius	3056835	G	394	62	456	0.00001
Salinirubellus	2162630	G	255	6	261	0.00001
Halosegnis	2841540	G	202	27	229	0.00001
Halorussus	1070314	G	1429	165	1594	0.00005
Haladaptatus	367188	G	982	4	986	0.00003
Halomicrococcus	2614447	G	186	6	192	0.00001
Halobacterium	2239	G	1139	200	1339	0.00004
Salarchaeum	1075398	G	223	141	364	0.00001
Halanaeroarchaeum	1656823	G	200	0	200	0.00001
Halospeciosus	3116496	G	164	37	201	0.00001
Halarchaeum	744724	G	95	3	98	0.00000
Halodesulfurarchaeum	1980514	G	73	0	73	0.00000
Halococcus	2249	G	862	2	864	0.00003
Halalkalicoccus	332246	G	282	2	284	0.00001
Salinarchaeum	1269201	G	316	0	316	0.00001
Natranaeroarchaeum	2917705	G	76	0	76	0.00000
Natronorarus	3386557	G	200	0	200	0.00001
Haloarchaeobius	1269031	G	98	0	98	0.00000
Methanosarcina	2207	G	4589	21	4610	0.00015
Methanolobus	2220	G	2415	32	2447	0.00008
Methanococcoides	2225	G	731	23	754	0.00002
Methanimicrococcus	91559	G	695	18	713	0.00002
Methanomethylovorans	101191	G	501	2	503	0.00002
Methanohalophilus	2175	G	458	8	466	0.00001
Methanolapillus	3136068	G	292	14	306	0.00001
Methanohalobium	2321	G	187	0	187	0.00001
Methanosalsum	196136	G	139	1	140	0.00000
Methanoculleus	45989	G	1077	1	1078	0.00003
Methanogenium	2195	G	890	11	901	0.00003
Methanofollis	81416	G	811	6	817	0.00003
Methanoplanus	2314	G	803	68	871	0.00003
Methanolacinia	230355	G	234	9	243	0.00001
Methanochimaera	3385476	G	191	28	219	0.00001
Methanomicrobium	2204	G	133	26	159	0.00001
Methanospirillum	2202	G	1228	2	1230	0.00004
Methanosphaerula	475087	G	730	3	733	0.00002
Methanoregula	395331	G	394	0	394	0.00001
Methanocorpusculum	2192	G	171	0	171	0.00001
Methanocella	570266	G	727	104	831	0.00003
Methanothrix	2222	G	610	1	611	0.00002
Candidatus Nanosalina	1051666	G	10	0	10	0.00000
Methanobrevibacter	2172	G	3507	177	3684	0.00012
Methanobacterium	2160	G	1903	214	2117	0.00007
Methanosphaera	2316	G	735	29	764	0.00002
Methanothermobacter	145260	G	519	0	519	0.00002
Methanocaldococcus	196118	G	1057	109	1166	0.00004
Methanotorris	196119	G	308	15	323	0.00001
Methanococcus	2184	G	971	35	1006	0.00003
Methanothermococcus	155862	G	372	47	419	0.00001
Methanofervidicoccus	2607661	G	54	0	54	0.00000
Methanopyrus	2319	G	129	4	133	0.00000
Thermococcus	2263	G	3115	21	3136	0.00010
Pyrococcus	2260	G	494	2	496	0.00002
Palaeococcus	83867	G	60	0	60	0.00000
Archaeoglobus	2233	G	474	1	475	0.00002
Geoglobus	190818	G	368	0	368	0.00001
Ferroglobus	54260	G	59	0	59	0.00000
Methanonatronarchaeum	2022711	G	71	10	81	0.00000
Candidatus Methanoliparum	2545692	G	24	0	24	0.00000
Ferroplasma	74968	G	346	1	347	0.00001
Acidiplasma	507753	G	163	1	164	0.00001
Cuniculiplasma	1747777	G	226	2	228	0.00001
Thermoplasma	2302	G	178	1	179	0.00001
Oxyplasma	3373586	G	35	0	35	0.00000
Picrophilus	46631	G	139	0	139	0.00000
Methanomassiliicoccus	1080709	G	636	0	636	0.00002
Candidatus Methanoplasma	1607807	G	176	0	176	0.00001
Methanomethylophilus	1291539	G	190	0	190	0.00001
Candidatus Aciduliprofundum	379546	G	176	0	176	0.00001
Saccharolobus	2100760	G	1253	40	1293	0.00004
Acidianus	12914	G	1112	4	1116	0.00004
Sulfurisphaera	69655	G	507	7	514	0.00002
Sulfolobus	2284	G	458	31	489	0.00002
Sulfuracidifex	2705406	G	171	0	171	0.00001
Metallosphaera	41980	G	157	0	157	0.00001
Stygiolobus	41674	G	118	0	118	0.00000
Sulfodiicoccus	2017961	G	64	0	64	0.00000
Pyrobaculum	2276	G	520	0	520	0.00002
Vulcanisaeta	164450	G	309	0	309	0.00001
Thermoproteus	2270	G	244	0	244	0.00001
Caldivirga	76886	G	33	0	33	0.00000
Staphylothermus	2279	G	251	0	251	0.00001
Thermogladius	477695	G	85	0	85	0.00000
Aeropyrum	56635	G	81	2	83	0.00000
Ignicoccus	54258	G	78	11	89	0.00000
Desulfurococcus	2273	G	38	0	38	0.00000
Thermosphaera	54253	G	14	0	14	0.00000
Pyrodictium	2308	G	90	0	90	0.00000
Pyrofollis	3088728	G	41	0	41	0.00000
Pyrolobus	54251	G	36	13	49	0.00000
Acidilobus	105850	G	122	1	123	0.00000
Caldisphaera	200414	G	111	6	117	0.00000
Infirmifilum	2856573	G	130	0	130	0.00000
Thermofilum	2268	G	96	0	96	0.00000
Fervidicoccus	685950	G	70	4	74	0.00000
Tardisphaera	3471631	G	41	0	41	0.00000
Candidatus Korarchaeum	498845	G	40	0	40	0.00000
Nitrosopumilus	338191	G	2347	45	2392	0.00008
Candidatus Nitrosomarinus	1993653	G	160	5	165	0.00001
Nitrosarchaeum	1007082	G	146	5	151	0.00000
Candidatus Nitrosocosmicus	1826864	G	756	1	757	0.00002
Nitrososphaera	497726	G	329	0	329	0.00001
Nitrosotalea	1078904	G	56	0	56	0.00000
Candidatus Nitrosocaldus	498374	G	12	0	12	0.00000
Candidatus Nitrosotenuis	1825023	G	300	0	300	0.00001
Candidatus Nitrosopelagicus	1593364	G	78	0	78	0.00000
Conexivisphaera	2613912	G	42	0	42	0.00000
Candidatus Lokiarchaeum	1655637	G	685	0	685	0.00002
Promethearchaeum	3366645	G	308	7	315	0.00001
Candidatus Micrarchaeum	662756	G	67	0	67	0.00000
Candidatus Mancarchaeum	2490204	G	37	0	37	0.00000
Candidatus Nanohalovita	3157591	G	27	0	27	0.00000
Candidatus Nanohalococcus	3157592	G	22	0	22	0.00000
Candidatus Nanohalobium	2856051	G	10	4	14	0.00000
Nanobdella	2974824	G	45	4	49	0.00000
Canhaevirus	2942990	G	1227	686	1913	0.00006
Culoivirus	2942992	G	1224	2243	3467	0.00011
Cohcovirus	2942991	G	980	526	1506	0.00005
Buchavirus	2942994	G	4626	2	4628	0.00015
Blohavirus	2942993	G	234	2393	2627	0.00008
Buorbuivirus	2948644	G	12	254	266	0.00001
Besingivirus	2946821	G	3765	0	3765	0.00012
Aurodevirus	2946811	G	726	24	750	0.00002
Birpovirus	2946830	G	13	63	76	0.00000
Afonbuvirus	2942989	G	1778	0	1778	0.00006
Buhlduvirus	2948643	G	640	0	640	0.00002
Kolpuevirus	2948787	G	206	1	207	0.00001
Fohxhuevirus	2948709	G	136	0	136	0.00000
Diorhovirus	2948680	G	25	0	25	0.00000
Delmidovirus	2948688	G	15	0	15	0.00000
Dabirmavirus	2948671	G	14	0	14	0.00000
Bequatrovirus	1917990	G	79	0	79	0.00000
Agatevirus	1910931	G	42	0	42	0.00000
Eldridgevirus	2842662	G	26	1	27	0.00000
Wphvirus	1922327	G	25	0	25	0.00000
Caeruleovirus	1911929	G	20	0	20	0.00000
Goettingenvirus	2842707	G	10	0	10	0.00000
Sepunavirus	1980928	G	56	1	57	0.00000
Kayvirus	1857843	G	31	0	31	0.00000
Sciuriunavirus	2732971	G	20	0	20	0.00000
Kochikohdavirus	2560160	G	38	0	38	0.00000
Okubovirus	1857845	G	33	4	37	0.00000
Elpedvirus	2842663	G	20	0	20	0.00000
Pecentumvirus	1857844	G	19	0	19	0.00000
Watanabevirus	2843129	G	11	0	11	0.00000
Harbinvirus	2732970	G	10	0	10	0.00000
Eneladusvirus	2560128	G	234	0	234	0.00001
Ferozepurvirus	3044715	G	46	0	46	0.00000
Wellingtonvirus	2733140	G	27	0	27	0.00000
Eowynvirus	3044711	G	18	0	18	0.00000
Chaoshanvirus	3044686	G	17	0	17	0.00000
Meadowvirus	3044758	G	17	0	17	0.00000
Maaswegvirus	3044752	G	11	2	13	0.00000
Petsuvirus	2733122	G	10	0	10	0.00000
Leonardvirus	2948800	G	102	0	102	0.00000
Vividuovirus	2560251	G	18	0	18	0.00000
Wizardvirus	2169658	G	10	0	10	0.00000
Tequintavirus	187218	G	74	11	85	0.00000
Epseptimavirus	2732017	G	51	2	53	0.00000
Thalassavirus	2948922	G	12	0	12	0.00000
Alexandravirus	2733088	G	144	0	144	0.00000
Gundelvirus	2948733	G	116	0	116	0.00000
Naesvirus	2733115	G	112	0	112	0.00000
Cantarevirus	3044680	G	100	0	100	0.00000
Vojvodinavirus	2733220	G	34	0	34	0.00000
Yuavirus	1299429	G	19	0	19	0.00000
Phabquatrovirus	2733123	G	84	0	84	0.00000
Donellivirus	2843376	G	82	0	82	0.00000
Webervirus	1920860	G	33	0	33	0.00000
Rogunavirus	1920866	G	20	0	20	0.00000
Innesvirus	3044739	G	38	0	38	0.00000
Rollinsvirus	3044806	G	20	0	20	0.00000
Klausavirus	2843401	G	74	0	74	0.00000
Mementomorivirus	2733194	G	63	0	63	0.00000
Cequinquevirus	1912760	G	60	0	60	0.00000
Terapinvirus	2733216	G	58	0	58	0.00000
Gilsonvirus	2843386	G	26	0	26	0.00000
Brigitvirus	2733097	G	54	0	54	0.00000
Kungbxnavirus	2843406	G	53	0	53	0.00000
Fletchervirus	1636618	G	27	0	27	0.00000
Firehammervirus	1636617	G	25	0	25	0.00000
Fromanvirus	186764	G	51	9	60	0.00000
Chakrabartyvirus	2560113	G	50	0	50	0.00000
Leicestervirus	2843416	G	48	84	132	0.00000
Asteriusvirus	2560094	G	48	0	48	0.00000
Liebevirus	2733187	G	25	0	25	0.00000
Manhattanvirus	2733192	G	12	0	12	0.00000
Plymouthvirus	2842966	G	16	0	16	0.00000
Takahashivirus	2843463	G	46	0	46	0.00000
Fifivirus	3152634	G	26	0	26	0.00000
Benedictvirus	2946819	G	43	14	57	0.00000
Teubervirus	2843466	G	42	0	42	0.00000
Audreyjarvisvirus	2843351	G	41	0	41	0.00000
Flaumdravirus	2560133	G	21	0	21	0.00000
Nankokuvirus	1925779	G	16	0	16	0.00000
Mooglevirus	1985303	G	19	0	19	0.00000
Kolesnikvirus	1985293	G	12	0	12	0.00000
Beecentumtrevirus	2842397	G	19	0	19	0.00000
Claudivirus	2842609	G	13	0	13	0.00000
Nanhaivirus	2560183	G	36	0	36	0.00000
Moineauvirus	1623304	G	28	4	32	0.00000
Oscarsovirus	3152624	G	35	0	35	0.00000
Bertelyvirus	2733152	G	21	0	21	0.00000
Cepunavirus	1982583	G	32	0	32	0.00000
Polybotosvirus	2560207	G	32	0	32	0.00000
Wroclawvirus	3044857	G	30	0	30	0.00000
Silentrexvirus	3044830	G	27	0	27	0.00000
Eponavirus	2733103	G	27	0	27	0.00000
Miecznikowavirus	3152971	G	26	1	27	0.00000
Mudcatvirus	1982088	G	25	0	25	0.00000
Maltschvirus	2948815	G	15	0	15	0.00000
Mohonavirus	3044767	G	25	0	25	0.00000
Gruunavirus	2948731	G	16	0	16	0.00000
Privateervirus	2843440	G	22	0	22	0.00000
Paopuvirus	2948855	G	23	0	23	0.00000
Pepyhexavirus	1982367	G	22	0	22	0.00000
Deseoctovirus	2948678	G	21	3	24	0.00000
Lughvirus	2733190	G	18	2	20	0.00000
Zukovirus	3044870	G	18	0	18	0.00000
Whiteheadvirus	2843474	G	18	0	18	0.00000
Sherbrookevirus	2843455	G	17	4407	4424	0.00014
Freyavirus	2948713	G	17	0	17	0.00000
Copernicusvirus	2842616	G	14	0	14	0.00000
Mollyvirus	2948826	G	15	0	15	0.00000
Saphexavirus	1623302	G	15	0	15	0.00000
Dhillonvirus	1623289	G	14	0	14	0.00000
Helsingorvirus	1918017	G	14	0	14	0.00000
Demosthenesvirus	1982106	G	13	0	13	0.00000
Cbastvirus	1918718	G	13	0	13	0.00000
Turbidovirus	2948936	G	13	0	13	0.00000
Taranisvirus	2733134	G	12	10	22	0.00000
Hungariovirus	2948761	G	12	0	12	0.00000
Corndogvirus	1623285	G	12	3	15	0.00000
Eurybiavirus	2733104	G	12	0	12	0.00000
Qingdaovirus	2733126	G	11	0	11	0.00000
Phrappuccinovirus	2948865	G	11	0	11	0.00000
Sextaecvirus	1922243	G	11	0	11	0.00000
Jarrellvirus	2843395	G	11	0	11	0.00000
Lessievirus	1720323	G	11	0	11	0.00000
Menderavirus	2843421	G	10	0	10	0.00000
Ignaciovirus	3152509	G	10	0	10	0.00000
Hedwigvirus	2560146	G	10	0	10	0.00000
Identitycrisisvirus	3152970	G	10	1	11	0.00000
Serangoonvirus	3044820	G	159	0	159	0.00001
Palaemonvirus	2733121	G	41	0	41	0.00000
Bristolvirus	2948640	G	35	2	37	0.00000
Thaumasvirus	2733136	G	34	0	34	0.00000
Vellamovirus	2733139	G	21	0	21	0.00000
Chalconvirus	2948659	G	16	61	77	0.00000
Ahtivirus	2733087	G	15	1	16	0.00000
Neritesvirus	2948838	G	13	8	21	0.00000
Macariavirus	2948809	G	13	12	25	0.00000
Ronodorvirus	2843447	G	13	12	25	0.00000
Shandvirus	2948904	G	12	0	12	0.00000
Zhoulongquanvirus	3044869	G	11	0	11	0.00000
Haifavirus	2948752	G	11	0	11	0.00000
Lipsvirus	2948803	G	10	0	10	0.00000
Dhakavirus	1914165	G	38	0	38	0.00000
Mosigvirus	1913652	G	37	3	40	0.00000
Tequatrovirus	10663	G	22	0	22	0.00000
Jiaodavirus	1985325	G	10	0	10	0.00000
Lazarusvirus	2842820	G	45	0	45	0.00000
Zedzedvirus	2843159	G	20	0	20	0.00000
Cinqassovirus	2948665	G	40	0	40	0.00000
Mylasvirus	2948831	G	34	0	34	0.00000
Bragavirus	2948639	G	20	0	20	0.00000
Tulanevirus	2560244	G	18	0	18	0.00000
Ceceduovirus	2842588	G	16	0	16	0.00000
Pseudotevenvirus	2842979	G	14	0	14	0.00000
Angelvirus	2946800	G	13	0	13	0.00000
Schizotequatrovirus	1198137	G	12	0	12	0.00000
Kayfunavirus	2732686	G	38	0	38	0.00000
Przondovirus	1985720	G	11	0	11	0.00000
Kantovirus	2732920	G	32	0	32	0.00000
Rodentiumvirus	3424936	G	35	0	35	0.00000
Risjevirus	2732932	G	10	0	10	0.00000
Vequintavirus	1914852	G	104	0	104	0.00000
Avunavirus	2560095	G	15	32	47	0.00000
Seunavirus	1914851	G	14	0	14	0.00000
Pegunavirus	1623295	G	59	2	61	0.00000
Coopervirus	1982898	G	37	0	37	0.00000
Lilmcdreamyvirus	2948802	G	15	0	15	0.00000
Quesadillavirus	2948877	G	11	0	11	0.00000
Salutenavirus	2948890	G	37	0	37	0.00000
Janusvirus	2948769	G	25	0	25	0.00000
Arequatrovirus	1982881	G	20	0	20	0.00000
Omarvirus	2948847	G	13	0	13	0.00000
Tsamsavirus	3044849	G	38	0	38	0.00000
Sophritavirus	3044834	G	16	0	16	0.00000
Keshuvirus	2948781	G	23	0	23	0.00000
Anayavirus	2946797	G	13	1	14	0.00000
Aobingvirus	3044659	G	38	0	38	0.00000
Bixzunavirus	680114	G	20	0	20	0.00000
Myrnavirus	2948833	G	17	0	17	0.00000
Cheoctovirus	1623281	G	22	33	55	0.00000
Limdunavirus	2169621	G	25	0	25	0.00000
Schmidtvirus	2948896	G	21	0	21	0.00000
Kenyattavirus	3044744	G	13	0	13	0.00000
Nymphadoravirus	2169636	G	16	12	28	0.00000
Haetaevirus	3044726	G	15	0	15	0.00000
Nipunavirus	1982239	G	11	0	11	0.00000
Hacavirus	2948735	G	11	0	11	0.00000
Tanisvirus	2843069	G	12	0	12	0.00000
Adrianbuildvirus	3424927	G	14	2	16	0.00000
Proboscivirus	548689	G	38	0	38	0.00000
Muromegalovirus	10365	G	25	0	25	0.00000
Cytomegalovirus	10358	G	24	0	24	0.00000
Roseolovirus	40272	G	17	0	17	0.00000
Quwivirus	2842996	G	16	0	16	0.00000
Varicellovirus	10319	G	93	0	93	0.00000
Rhadinovirus	10379	G	34	11	45	0.00000
Cyvirus	3044698	G	45	0	45	0.00000
Moumouvirus	3080801	G	359	5	364	0.00001
Mimivirus	315393	G	267	4	271	0.00001
Cotonvirus	3044693	G	159	1	160	0.00001
Megavirus	3044761	G	158	0	158	0.00001
Tupanvirus	2094720	G	108	0	108	0.00000
Fadolivirus	2763561	G	179	0	179	0.00001
Theiavirus	3044842	G	49	0	49	0.00000
Rheavirus	3044800	G	127	1	128	0.00000
Biavirus	3044674	G	464	0	464	0.00001
Kratosvirus	3044747	G	58	0	58	0.00000
Oceanusvirus	3044778	G	57	0	57	0.00000
Iridovirus	10487	G	104	0	104	0.00000
Chloriridovirus	10491	G	71	0	71	0.00000
Lymphocystivirus	10494	G	45	0	45	0.00000
Marseillevirus	1513458	G	50	0	50	0.00000
Ascovirus	43680	G	39	0	39	0.00000
Alphaorpheovirus	3153020	G	44	0	44	0.00000
Prasinovirus	181084	G	91	0	91	0.00000
Phaeovirus	181085	G	90	0	90	0.00000
Coccolithovirus	346673	G	63	0	63	0.00000
Chlorovirus	181083	G	55	0	55	0.00000
Prymnesiovirus	181086	G	51	20	71	0.00000
Raphidovirus	573012	G	15	0	15	0.00000
Yatapoxvirus	10282	G	80	0	80	0.00000
Orthopoxvirus	10242	G	56	0	56	0.00000
Avipoxvirus	10260	G	45	0	45	0.00000
Centapoxvirus	2005509	G	19	0	19	0.00000
Parapoxvirus	10257	G	17	0	17	0.00000
Vespertilionpoxvirus	2733301	G	16	0	16	0.00000
Cervidpoxvirus	573055	G	14	0	14	0.00000
Capripoxvirus	10265	G	11	0	11	0.00000
Oryzopoxvirus	2733297	G	10	0	10	0.00000
Betaentomopoxvirus	10286	G	69	0	69	0.00000
Alphaentomopoxvirus	62098	G	18	0	18	0.00000
Epsilonentomopoxvirus	3152696	G	13	0	13	0.00000
Deltaentomopoxvirus	2733302	G	11	1	12	0.00000
Asfivirus	39743	G	25	0	25	0.00000
Siadenovirus	129876	G	320	0	320	0.00001
Mastadenovirus	10509	G	109	0	109	0.00000
Homochaacvirus	3044732	G	14	0	14	0.00000
Ephemerovirus	32613	G	23	0	23	0.00000
Alpharicinrhavirus	2842542	G	16	0	16	0.00000
Sunrhavirus	2733254	G	11	0	11	0.00000
Betacytorhabdovirus	3424891	G	16	0	16	0.00000
Botrytimonavirus	2842566	G	55	0	55	0.00000
Pidchovirus	2501975	G	84	0	84	0.00000
Phlebovirus	11584	G	25	0	25	0.00000
Orthobunyavirus	11572	G	24	0	24	0.00000
Orthophasmavirus	1980538	G	10	0	10	0.00000
Hepatovirus	12091	G	38	0	38	0.00000
Cucumovirus	12304	G	19	0	19	0.00000
Betaendornavirus	2003395	G	10	10	20	0.00000
Orthoflavivirus	3044782	G	33	6	39	0.00000
Alphachrysovirus	2560087	G	25	0	25	0.00000
Piponevirus	2842960	G	21	0	21	0.00000
Alphabaculovirus	558016	G	255	0	255	0.00001
Betabaculovirus	558017	G	94	0	94	0.00000
Alphanudivirus	1511853	G	56	0	56	0.00000
Whispovirus	249585	G	10	0	10	0.00000
Bracoviriform	2946836	G	55	0	55	0.00000
Ichnoviriform	2948762	G	21	0	21	0.00000
Demiitzamnavirus	3044702	G	38	0	38	0.00000
Pandoravirus	2060084	G	237	313	550	0.00002
Mastrevirus	10812	G	39	0	39	0.00000
Begomovirus	10814	G	10	0	10	0.00000
Gemykibivirus	1941236	G	12	0	12	0.00000
Gammapapillomavirus	325455	G	18	0	18	0.00000
Bidensovirus	1285588	G	10	0	10	0.00000
Gequatrovirus	1910952	G	18	0	18	0.00000
Alphatrevirus	1910951	G	12	0	12	0.00000
Usarudivirus	2843109	G	19	0	19	0.00000
Icerudivirus	2842752	G	16	0	16	0.00000
